[{"pos": [12.99583, 19.91086, -0.19187], "lookat": [0.005, 12.411, -0.192], "direction": [0.376047, -0.758426, -0.532333], "viewMat": [[-1.000705882483891e-05, -0.4999800403727681, -0.8660369271161039, 12.99583], [-0.0, 0.8660369271594669, -0.49998004039780247, 19.91086], [0.9999999999499294, -5.003329675506143e-06, -8.666482474567517e-06, -0.19187], [0.0, 0.0, 0.0, 1.0]], "id": 0}, {"pos": [12.98792, 19.91086, 0.26149], "lookat": [0.005, 12.411, -0.192], "direction": [0.376047, -0.758426, -0.532333], "viewMat": [[-0.0349084492819541, -0.49967508677950806, -0.8655092187958603, 12.98792], [-0.0, 0.8660370559555789, -0.4999798173044524, 19.91086], [0.9993905143479845, -0.017453520094373152, -0.030232010644118172, 0.26149], [0.0, 0.0, 0.0, 1.0]], "id": 1}, {"pos": [12.96419, 19.91086, 0.71429], "lookat": [0.005, 12.411, -0.192], "direction": [0.376047, -0.758426, -0.532333], "viewMat": [[-0.069763763100185, -0.4987615235608802, -0.8639270570906613, 12.96419], [-0.0, 0.8660371214525036, -0.4999797038543279, 19.91086], [0.9975635405116314, -0.03488046561459398, -0.06041800857697862, 0.71429], [0.0, 0.0, 0.0, 1.0]], "id": 2}, {"pos": [12.92467, 19.91086, 1.16599], "lookat": [0.005, 12.411, -0.192], "direction": [0.376047, -0.758426, -0.532333], "viewMat": [[-0.10453439920887898, -0.49724040356796023, -0.8612923664131772, 12.92467], [-0.0, 0.866037148859238, -0.4999796563818992, 19.91086], [0.9945212714577998, -0.05226507299654359, -0.09053067304857094, 1.16599], [0.0, 0.0, 0.0, 1.0]], "id": 3}, {"pos": [12.86941, 19.91086, 1.61604], "lookat": [0.005, 12.411, -0.192], "direction": [0.376047, -0.758426, -0.532333], "viewMat": [[-0.1391780136556698, -0.49511349562240037, -0.8576083645624205, 12.86941], [-0.0, 0.8660371767867225, -0.4999796080074496, 19.91086], [0.9902673782948028, -0.06958616871081726, -0.12053333401714021, 1.61604], [0.0, 0.0, 0.0, 1.0]], "id": 4}, {"pos": [12.79848, 19.91086, 2.06389], "lookat": [0.005, 12.411, -0.192], "direction": [0.376047, -0.758426, -0.532333], "viewMat": [[-0.17365223140616387, -0.49238330901364397, -0.8528795809095412, 12.79848], [-0.0, 0.8660372517758222, -0.4999794781154332, 19.91086], [0.9848070382200058, -0.08682255203203422, -0.1503893012517333, 2.06389], [0.0, 0.0, 0.0, 1.0]], "id": 5}, {"pos": [12.71196, 19.91086, 2.50898], "lookat": [0.005, 12.411, -0.192], "direction": [0.376047, -0.758426, -0.532333], "viewMat": [[-0.2079140677245732, -0.48905352301640237, -0.8471117943149339, 12.71196], [-0.0, 0.8660372230403203, -0.4999795278895031, 19.91086], [0.9781470955036475, -0.10395277742251828, -0.18006132184320645, 2.50898], [0.0, 0.0, 0.0, 1.0]], "id": 6}, {"pos": [12.60996, 19.91086, 2.95079], "lookat": [0.005, 12.411, -0.192], "direction": [0.376047, -0.758426, -0.532333], "viewMat": [[-0.24192338108000427, -0.4851277921994257, -0.8403119081165813, 12.60996], [-0.0, 0.866037235986355, -0.4999795054650887, 19.91086], [0.9702953559029429, -0.12095673243282275, -0.20951465627100055, 2.95079], [0.0, 0.0, 0.0, 1.0]], "id": 7}, {"pos": [12.49261, 19.91086, 3.38876], "lookat": [0.005, 12.411, -0.192], "direction": [0.376047, -0.758426, -0.532333], "viewMat": [[-0.27563703241872306, -0.4806110868135716, -0.832488564240541, 12.49261], [-0.0, 0.8660373001940617, -0.4999793942479837, 19.91086], [0.9612617886712235, -0.137812836501025, -0.23871195138941398, 3.38876], [0.0, 0.0, 0.0, 1.0]], "id": 8}, {"pos": [12.36004, 19.91086, 3.82238], "lookat": [0.005, 12.411, -0.192], "direction": [0.376047, -0.758426, -0.532333], "viewMat": [[-0.30901589122913314, -0.4755088248046602, -0.823650736963645, 12.36004], [-0.0, 0.8660373094921283, -0.4999793781423746, 19.91086], [0.9510568747282492, -0.15450157313285365, -0.26761929103039067, 3.82238], [0.0, 0.0, 0.0, 1.0]], "id": 9}, {"pos": [12.21242, 19.91086, 4.2511], "lookat": [0.005, 12.411, -0.192], "direction": [0.376047, -0.758426, -0.532333], "viewMat": [[-0.3420175931830966, -0.46982741663114325, -0.8138096611216581, 12.21242], [-0.0, 0.8660372969720682, -0.49997939982894657, 19.91086], [0.9396935489579791, -0.17100175097062545, -0.2961999919171815, 4.2511], [0.0, 0.0, 0.0, 1.0]], "id": 10}, {"pos": [12.04992, 19.91086, 4.67441], "lookat": [0.005, 12.411, -0.192], "direction": [0.376047, -0.758426, -0.532333], "viewMat": [[-0.37460304854193516, -0.46357374570716253, -0.8029769226535217, 12.04992], [-0.0, 0.8660371708888209, -0.49997961822347026, 19.91086], [0.9271852867809587, -0.18729388919534481, -0.32442016436558524, 4.67441], [0.0, 0.0, 0.0, 1.0]], "id": 11}, {"pos": [11.87275, 19.91086, 5.09179], "lookat": [0.005, 12.411, -0.192], "direction": [0.376047, -0.758426, -0.532333], "viewMat": [[-0.40673197070189515, -0.4567552682528671, -0.7911660564838485, 11.87275], [-0.0, 0.8660370956718648, -0.4999797485101183, 19.91086], [0.9135475379031749, -0.20335774842255833, -0.35224497462356336, 5.09179], [0.0, 0.0, 0.0, 1.0]], "id": 12}, {"pos": [11.68113, 19.91086, 5.50274], "lookat": [0.005, 12.411, -0.192], "direction": [0.376047, -0.758426, -0.532333], "viewMat": [[-0.43836560555133486, -0.4493800240802193, -0.7783914117121752, 11.68113], [-0.0, 0.8660371909970509, -0.49997958339309984, 19.91086], [0.8987967489202504, -0.21917385283742036, -0.37964091766139924, 5.50274], [0.0, 0.0, 0.0, 1.0]], "id": 13}, {"pos": [11.47528, 19.91086, 5.90674], "lookat": [0.005, 12.411, -0.192], "direction": [0.376047, -0.758426, -0.532333], "viewMat": [[-0.4694645978791785, -0.4414577414419173, -0.7646685908674048, 11.47528], [-0.0, 0.8660371123738376, -0.49997971957988946, 19.91086], [0.8829512961302798, -0.23472277800031724, -0.4065737647090286, 5.90674], [0.0, 0.0, 0.0, 1.0]], "id": 14}, {"pos": [11.25545, 19.91086, 6.30332], "lookat": [0.005, 12.411, -0.192], "direction": [0.376047, -0.758426, -0.532333], "viewMat": [[-0.49999247529164165, -0.43299745086712876, -0.7500138213355174, 11.25545], [-0.0, 0.8660370188809262, -0.49997988152308526, 19.91086], [0.8660297481332481, -0.24998617855874913, -0.43301199276446845, 6.30332], [0.0, 0.0, 0.0, 1.0]], "id": 15}, {"pos": [11.02192, 19.91086, 6.69198], "lookat": [0.005, 12.411, -0.192], "direction": [0.376047, -0.758426, -0.532333], "viewMat": [[-0.5299106466866909, -0.42400977331189316, -0.7344456539895176, 11.02192], [-0.0, 0.8660369546254195, -0.49997999282284195, 19.91086], [0.8480534809362515, -0.2649447213271592, -0.45892220268012834, 6.69198], [0.0, 0.0, 0.0, 1.0]], "id": 16}, {"pos": [10.77496, 19.91086, 7.07226], "lookat": [0.005, 12.411, -0.192], "direction": [0.376047, -0.758426, -0.532333], "viewMat": [[-0.5591839227127654, -0.414505407993193, -0.7179823168602139, 10.77496], [-0.0, 0.866036829435848, -0.4999802096690465, 19.91086], [0.8290436300820144, -0.2795808949214883, -0.48427387149766365, 7.07226], [0.0, 0.0, 0.0, 1.0]], "id": 17}, {"pos": [10.51489, 19.91086, 7.44368], "lookat": [0.005, 12.411, -0.192], "direction": [0.376047, -0.758426, -0.532333], "viewMat": [[-0.5877750725020083, -0.4044962875578008, -0.700644858324969, 10.51489], [-0.0, 0.8660367557535407, -0.49998033729726027, 19.91086], [0.8090243903277942, -0.2938759790044757, -0.5090348169024415, 7.44368], [0.0, 0.0, 0.0, 1.0]], "id": 18}, {"pos": [10.24201, 19.91086, 7.80581], "lookat": [0.005, 12.411, -0.192], "direction": [0.376047, -0.758426, -0.532333], "viewMat": [[-0.6156510180004064, -0.3939940183201372, -0.6824533226258149, 10.24201], [-0.0, 0.8660367183344733, -0.49998040211237893, 19.91086], [0.7880189236528925, -0.30781344354073864, -0.5331763872683497, 7.80581], [0.0, 0.0, 0.0, 1.0]], "id": 19}, {"pos": [9.95666, 19.91086, 8.15819], "lookat": [0.005, 12.411, -0.192], "direction": [0.376047, -0.758426, -0.532333], "viewMat": [[-0.6427765769508825, -0.38301194681448086, -0.6634305696308299, 9.95666], [-0.0, 0.8660366357557306, -0.4999805451504047, 19.91086], [0.7660537005480138, -0.32137578335381334, -0.5566680642451269, 8.15819], [0.0, 0.0, 0.0, 1.0]], "id": 20}, {"pos": [9.65918, 19.91086, 8.50039], "lookat": [0.005, 12.411, -0.192], "direction": [0.376047, -0.758426, -0.532333], "viewMat": [[-0.6691190125708325, -0.37156348336411377, -0.6435995065617749, 9.65918], [-0.0, 0.8660363956044954, -0.4999809611258951, 19.91086], [0.7431552644072664, -0.33454676701277464, -0.5794814178772829, 8.50039], [0.0, 0.0, 0.0, 1.0]], "id": 21}, {"pos": [9.34995, 19.91086, 8.83201], "lookat": [0.005, 12.411, -0.192], "direction": [0.376047, -0.758426, -0.532333], "viewMat": [[-0.6946462886667132, -0.35966202878544773, -0.6229845573459243, 9.34995], [-0.0, 0.8660364030437299, -0.4999809482401087, 19.91086], [0.719351467393764, -0.34730991009905554, -0.6015889732245967, 8.83201], [0.0, 0.0, 0.0, 1.0]], "id": 22}, {"pos": [9.02933, 19.91086, 9.15263], "lookat": [0.005, 12.411, -0.192], "direction": [0.376047, -0.758426, -0.532333], "viewMat": [[-0.7193272718901292, -0.3473225955654196, -0.6016105804628141, 9.02933], [-0.0, 0.866036271426611, -0.4999811762191589, 19.91086], [0.6946713438131042, -0.3596500954861455, -0.6229635084832035, 9.15263], [0.0, 0.0, 0.0, 1.0]], "id": 23}, {"pos": [8.69771, 19.91086, 9.46186], "lookat": [0.005, 12.411, -0.192], "direction": [0.376047, -0.758426, -0.532333], "viewMat": [[-0.7431319864028618, -0.33456015036358705, -0.5795035431933362, 8.69771], [-0.0, 0.8660360009124133, -0.49998164478672064, 19.91086], [0.6691448653206097, -0.37155235285532573, -0.6435790536544324, 9.46186], [0.0, 0.0, 0.0, 1.0]], "id": 24}, {"pos": [8.35551, 19.91086, 9.75934], "lookat": [0.005, 12.411, -0.192], "direction": [0.376047, -0.758426, -0.532333], "viewMat": [[-0.7660313934702173, -0.3213898068642602, -0.5566906647877533, 8.35551], [-0.0, 0.8660359784703295, -0.49998168365945067, 19.91086], [0.6428031613317386, -0.3830016658432344, -0.6634107473829696, 9.75934], [0.0, 0.0, 0.0, 1.0]], "id": 25}, {"pos": [8.00313, 19.91086, 10.04469], "lookat": [0.005, 12.411, -0.192], "direction": [0.376047, -0.758426, -0.532333], "viewMat": [[-0.7879976361581622, -0.30782804641204736, -0.5331994179022432, 8.00313], [-0.0, 0.8660357992549327, -0.499981994084657, 19.91086], [0.6156782645255139, -0.39398462946035395, -0.6824341626412316, 10.04469], [0.0, 0.0, 0.0, 1.0]], "id": 26}, {"pos": [7.641, 19.91086, 10.31757], "lookat": [0.005, 12.411, -0.192], "direction": [0.376047, -0.758426, -0.532333], "viewMat": [[-0.8090041661303748, -0.2938910976086548, -0.5090582303922383, 7.641], [-0.0, 0.8660355759952751, -0.4999823808000958, 19.91086], [0.5878029084512061, -0.40448782905906105, -0.7006263889972963, 10.31757], [0.0, 0.0, 0.0, 1.0]], "id": 27}, {"pos": [7.26958, 19.91086, 10.57764], "lookat": [0.005, 12.411, -0.192], "direction": [0.376047, -0.758426, -0.532333], "viewMat": [[-0.8290245076772521, -0.2795964630879066, -0.48429761872140425, 7.26958], [-0.0, 0.8660353904439237, -0.4999827021994266, 19.91086], [0.5592122724605476, -0.4144979135380218, -0.7179645631938507, 10.57764], [0.0, 0.0, 0.0, 1.0]], "id": 28}, {"pos": [6.8893, 19.91086, 10.8246], "lookat": [0.005, 12.411, -0.192], "direction": [0.376047, -0.758426, -0.532333], "viewMat": [[-0.8480354935202219, -0.2649606707201065, -0.4589462329091122, 6.8893], [-0.0, 0.866035258145402, -0.49998293135768834, 19.91086], [0.5299394321334409, -0.42400327194560444, -0.7344286375472489, 10.8246], [0.0, 0.0, 0.0, 1.0]], "id": 29}, {"pos": [6.50064, 19.91086, 11.05813], "lookat": [0.005, 12.411, -0.192], "direction": [0.376047, -0.758426, -0.532333], "viewMat": [[-0.8660129233026803, -0.25000243897778596, -0.43303625388401895, 6.50064], [-0.0, 0.8660350669841063, -0.4999832624736898, 19.91086], [0.5000216162054858, -0.4329919667372513, -0.7499975600415384, 11.05813], [0.0, 0.0, 0.0, 1.0]], "id": 30}, {"pos": [6.10406, 19.91086, 11.27796], "lookat": [0.005, 12.411, -0.192], "direction": [0.376047, -0.758426, -0.532333], "viewMat": [[-0.8829356558745554, -0.2347392777318298, -0.4065982034826369, 6.10406], [-0.0, 0.8660349074334855, -0.49998353883570407, 19.91086], [0.4694940122998045, -0.44145329378838355, -0.7646530990050444, 11.27796], [0.0, 0.0, 0.0, 1.0]], "id": 31}, {"pos": [5.70006, 19.91086, 11.48381], "lookat": [0.005, 12.411, -0.192], "direction": [0.376047, -0.758426, -0.532333], "viewMat": [[-0.8987823094003821, -0.2191905189972498, -0.3796654799828822, 5.70006], [-0.0, 0.8660347357053653, -0.4999838362904726, 19.91086], [0.43839521018017075, -0.4493766270440135, -0.7783766997782177, 11.48381], [0.0, 0.0, 0.0, 1.0]], "id": 32}, {"pos": [5.28911, 19.91086, 11.67543], "lookat": [0.005, 12.411, -0.192], "direction": [0.376047, -0.758426, -0.532333], "viewMat": [[-0.9135343094757802, -0.2033745073448552, -0.3522696058033489, 5.28911], [-0.0, 0.8660343930100168, -0.4999844298813431, 19.91086], [0.40676168134499757, -0.45675293090029445, -0.7911521312006822, 11.67543], [0.0, 0.0, 0.0, 1.0]], "id": 33}, {"pos": [4.87173, 19.91086, 11.8526], "lookat": [0.005, 12.411, -0.192], "direction": [0.376047, -0.758426, -0.532333], "viewMat": [[-0.9271732738932166, -0.1873106667133565, -0.32444480934903586, 4.87173], [-0.0, 0.8660342241551163, -0.49998472235863917, 19.91086], [0.37463278043723613, -0.4635724719258503, -0.8029637869134711, 11.8526], [0.0, 0.0, 0.0, 1.0]], "id": 34}, {"pos": [4.44842, 19.91086, 12.0151], "lookat": [0.005, 12.411, -0.192], "direction": [0.376047, -0.758426, -0.532333], "viewMat": [[-0.9396827501411944, -0.17101847284281788, -0.296224595591912, 4.44842], [-0.0, 0.8660341097565619, -0.49998492051076815, 19.91086], [0.3420472614816284, -0.46982720513468507, -0.8137973139721273, 12.0151], [0.0, 0.0, 0.0, 1.0]], "id": 35}, {"pos": [4.0197, 19.91086, 12.16272], "lookat": [0.005, 12.411, -0.192], "direction": [0.376047, -0.758426, -0.532333], "viewMat": [[-0.9510472825693908, -0.15451816541189264, -0.2676437984992745, 4.0197], [-0.0, 0.8660338856766739, -0.49998530864392576, 19.91086], [0.3090454114161497, -0.4755096691104237, -0.8236391735858113, 12.16272], [0.0, 0.0, 0.0, 1.0]], "id": 36}, {"pos": [3.58608, 19.91086, 12.29529], "lookat": [0.005, 12.411, -0.192], "direction": [0.376047, -0.758426, -0.532333], "viewMat": [[-0.961253389924611, -0.13782922585332263, -0.23873630821288475, 3.58608], [-0.0, 0.866033643943535, -0.49998572735417407, 19.91086], [0.2756663206821677, -0.4806129753331222, -0.8324777760294865, 12.29529], [0.0, 0.0, 0.0, 1.0]], "id": 37}, {"pos": [3.14811, 19.91086, 12.41264], "lookat": [0.005, 12.411, -0.192], "direction": [0.376047, -0.758426, -0.532333], "viewMat": [[-0.9702881314479007, -0.12097284652849287, -0.2095388087542143, 3.14811], [-0.0, 0.866033351759098, -0.49998623345138465, 19.91086], [0.2419523547546944, -0.48513070820521786, -0.8403018826498976, 12.41264], [0.0, 0.0, 0.0, 1.0]], "id": 38}, {"pos": [2.7063, 19.91086, 12.51464], "lookat": [0.005, 12.411, -0.192], "direction": [0.376047, -0.758426, -0.532333], "viewMat": [[-0.978141020570099, -0.10396854524325802, -0.18008521726695306, 2.7063], [-0.0, 0.8660331155634554, -0.49998664256903363, 19.91086], [0.2079426456455844, -0.4890574448338918, -0.8471025155047408, 12.51464], [0.0, 0.0, 0.0, 1.0]], "id": 39}, {"pos": [2.26121, 19.91086, 12.60116], "lookat": [0.005, 12.411, -0.192], "direction": [0.376047, -0.758426, -0.532333], "viewMat": [[-0.9848020823787927, -0.08683790426460355, -0.15041288816230153, 2.26121], [-0.0, 0.8660329260596804, -0.49998697081074833, 19.91086], [0.17368033435709834, -0.4923882100166897, -0.8528710289921724, 12.60116], [0.0, 0.0, 0.0, 1.0]], "id": 40}, {"pos": [1.81336, 19.91086, 12.67209], "lookat": [0.005, 12.411, -0.192], "direction": [0.376047, -0.758426, -0.532333], "viewMat": [[-0.9902635057135559, -0.06960103806439154, -0.12055656246035441, 1.81336], [-0.0, 0.8660326380908132, -0.4999874696044557, 19.91086], [0.13920556473035917, -0.4951193444633583, -0.8576005162581679, 12.67209], [0.0, 0.0, 0.0, 1.0]], "id": 41}, {"pos": [1.36331, 19.91086, 12.72735], "lookat": [0.005, 12.411, -0.192], "direction": [0.376047, -0.758426, -0.532333], "viewMat": [[-0.9945184409979353, -0.05227939452621692, -0.09055349481388533, 1.36331], [-0.0, 0.8660324027156294, -0.4999878772996341, 19.91086], [0.10456132418363971, -0.4972471642498991, -0.8612851950024437, 12.72735], [0.0, 0.0, 0.0, 1.0]], "id": 42}, {"pos": [0.91161, 19.91086, 12.76687], "lookat": [0.005, 12.411, -0.192], "direction": [0.376047, -0.758426, -0.532333], "viewMat": [[-0.9975617059523015, -0.03489417705374857, -0.06044037744153699, 0.91161], [-0.0, 0.866032173644836, -0.49998827407450347, 19.91086], [0.06978999081196247, -0.4987691556419086, -0.8639205325507224, 12.76687], [0.0, 0.0, 0.0, 1.0]], "id": 43}, {"pos": [0.45881, 19.91086, 12.7906], "lookat": [0.005, 12.411, -0.192], "direction": [0.376047, -0.758426, -0.532333], "viewMat": [[-0.9993896246181659, -0.017466562153788456, -0.030253882595283173, 0.45881], [-0.0, 0.8660319125108963, -0.4999887263856249, 19.91086], [0.03493391197048125, -0.49968354557584455, -0.865503307951617, 12.7906], [0.0, 0.0, 0.0, 1.0]], "id": 44}, {"pos": [0.00545, 19.91086, 12.79851], "lookat": [0.005, 12.411, -0.192], "direction": [0.376047, -0.758426, -0.532333], "viewMat": [[-0.9999999994000119, -1.731996470794296e-05, -2.9999916648200702e-05, 0.00545], [-0.0, 0.8660315943365371, -0.4999892774959435, 19.91086], [3.4640672285384115e-05, -0.4999892771959559, -0.8660315938169285, 12.79851], [0.0, 0.0, 0.0, 1.0]], "id": 45}, {"pos": [-0.44791, 19.91086, 12.7906], "lookat": [0.005, 12.411, -0.192], "direction": [0.376047, -0.758426, -0.532333], "viewMat": [[-0.9993920410160148, 0.017431996073310377, 0.030193937582640093, -0.44791], [0.0, 0.8660313890454068, -0.4999896330806101, 19.91086], [-0.034864715026001206, -0.4996856598912792, -0.8655048774820235, 12.7906], [0.0, 0.0, 0.0, 1.0]], "id": 46}, {"pos": [-0.90071, 19.91086, 12.76687], "lookat": [0.005, 12.411, -0.192], "direction": [0.376047, -0.758426, -0.532333], "viewMat": [[-0.9975665269351525, 0.034859832107908204, 0.06038059658488106, -0.90071], [0.0, 0.8660311273604486, -0.4999900863445099, 19.91086], [-0.06972104659668914, -0.4987733739366998, -0.8639236639386975, 12.76687], [0.0, 0.0, 0.0, 1.0]], "id": 47}, {"pos": [-1.35241, 19.91086, 12.72735], "lookat": [0.005, 12.411, -0.192], "direction": [0.376047, -0.758426, -0.532333], "viewMat": [[-0.9945256431023879, 0.05224541693470907, 0.09049398665712516, -1.35241], [0.0, 0.8660308348816991, -0.4999905929456147, 19.91086], [-0.10449279980831948, -0.4972534659943817, -0.8612898730072197, 12.72735], [0.0, 0.0, 0.0, 1.0]], "id": 48}, {"pos": [-1.80246, 19.91086, 12.67209], "lookat": [0.005, 12.411, -0.192], "direction": [0.376047, -0.758426, -0.532333], "viewMat": [[-0.9902730538755945, 0.06956757227236952, 0.12049743423008127, -1.80246], [0.0, 0.866030550612221, -0.49999108532682185, 19.91086], [-0.13913762527765133, -0.49512769897716474, -0.8576067181043268, 12.67209], [0.0, 0.0, 0.0, 1.0]], "id": 49}, {"pos": [-2.25031, 19.91086, 12.60116], "lookat": [0.005, 12.411, -0.192], "direction": [0.376047, -0.758426, -0.532333], "viewMat": [[-0.9848139300897297, 0.08680509223688532, 0.15035424524424565, -2.25031], [0.0, 0.866030321478352, -0.49999148220754946, 19.91086], [-0.17361314207519238, -0.492398576604206, -0.852878724471968, 12.60116], [0.0, 0.0, 0.0, 1.0]], "id": 50}, {"pos": [-2.6954, 19.91086, 12.51464], "lookat": [0.005, 12.411, -0.192], "direction": [0.376047, -0.758426, -0.532333], "viewMat": [[-0.978155110061734, 0.10393652569663767, 0.18002716263450172, -2.6954], [0.0, 0.8660299970621061, -0.4999920441253126, 19.91086], [-0.20787635906980179, -0.48906977295138654, -0.8471116670930474, 12.51464], [0.0, 0.0, 0.0, 1.0]], "id": 51}, {"pos": [-3.13721, 19.91086, 12.41264], "lookat": [0.005, 12.411, -0.192], "direction": [0.376047, -0.758426, -0.532333], "viewMat": [[-0.9703043941269265, 0.12094175439437159, 0.2094814425718653, -3.13721], [0.0, 0.8660297231265465, -0.4999925186053859, 19.91086], [-0.2418871280948579, -0.48514493783339496, -0.8403124457942136, 12.41264], [0.0, 0.0, 0.0, 1.0]], "id": 52}, {"pos": [-3.57518, 19.91086, 12.29529], "lookat": [0.005, 12.411, -0.192], "direction": [0.376047, -0.758426, -0.532333], "viewMat": [[-0.9612717464996218, 0.13779919149888833, 0.2386797272577197, -3.57518], [0.0, 0.8660295096169137, -0.49999288842211326, 19.91086], [-0.2756023029322628, -0.4806290370909154, -0.8324896992296618, 12.29529], [0.0, 0.0, 0.0, 1.0]], "id": 53}, {"pos": [-4.0088, 19.91086, 12.16272], "lookat": [0.005, 12.411, -0.192], "direction": [0.376047, -0.758426, -0.532333], "viewMat": [[-0.951067643676316, 0.15448931408556887, 0.2675880957467097, -4.0088], [0.0, 0.8660292506759111, -0.49999333692932346, 19.91086], [-0.3089827457188829, -0.47552748480723, -0.8236523987951043, 12.16272], [0.0, 0.0, 0.0, 1.0]], "id": 54}, {"pos": [-4.43752, 19.91086, 12.0151], "lookat": [0.005, 12.411, -0.192], "direction": [0.376047, -0.758426, -0.532333], "viewMat": [[-0.9397050165452325, 0.1709909239800467, 0.2961698597024586, -4.43752], [0.0, 0.8660289797381076, -0.4999938062154096, 19.91086], [-0.341986084336372, -0.4698466879421653, -0.8138117767334493, 12.0151], [0.0, 0.0, 0.0, 1.0]], "id": 55}, {"pos": [-4.86083, 19.91086, 11.8526], "lookat": [0.005, 12.411, -0.192], "direction": [0.376047, -0.758426, -0.532333], "viewMat": [[-0.927197337153036, 0.18728453342678106, 0.32439112428584116, -4.86083], [0.0, 0.8660286053562234, -0.499994454674004, 19.91086], [-0.37457322111480307, -0.4635935269650209, -0.8029794167846479, 11.8526], [0.0, 0.0, 0.0, 1.0]], "id": 56}, {"pos": [-5.27821, 19.91086, 11.67543], "lookat": [0.005, 12.411, -0.192], "direction": [0.376047, -0.758426, -0.532333], "viewMat": [[-0.9135600523455963, 0.20334989586429209, 0.35221705042529194, -5.27821], [0.0, 0.8660282922811039, -0.4999949969436442, 19.91086], [-0.40670386125326013, -0.45677545558037186, -0.7911688520290927, 11.67543], [0.0, 0.0, 0.0, 1.0]], "id": 57}, {"pos": [-5.68916, 19.91086, 11.48381], "lookat": [0.005, 12.411, -0.192], "direction": [0.376047, -0.758426, -0.532333], "viewMat": [[-0.8988096064550393, 0.21916752817894242, 0.37961412768240055, -5.68916], [0.0, 0.8660281604872635, -0.4999952252202482, 19.91086], [-0.4383392423045619, -0.4494005116096101, -0.7783944301065389, 11.48381], [0.0, 0.0, 0.0, 1.0]], "id": 58}, {"pos": [-6.09316, 19.91086, 11.27796], "lookat": [0.005, 12.411, -0.192], "direction": [0.376047, -0.758426, -0.532333], "viewMat": [[-0.8829643741210521, 0.23471799842234295, 0.40654812168995175, -6.09316], [0.0, 0.8660278657347753, -0.49999573575268624, 19.91086], [-0.46944000046120776, -0.4414784218820656, -0.7646717524398964, 11.27796], [0.0, 0.0, 0.0, 1.0]], "id": 59}, {"pos": [-6.48974, 19.91086, 11.05813], "lookat": [0.005, 12.411, -0.192], "direction": [0.376047, -0.758426, -0.532333], "viewMat": [[-0.8660429228687087, 0.24998295379798283, 0.43298750392991664, -6.48974], [0.0, 0.8660275673704735, -0.4999962525403364, 19.91086], [-0.4999696548281946, -0.4330182159734339, -0.7500170457304023, 11.05813], [0.0, 0.0, 0.0, 1.0]], "id": 60}, {"pos": [-6.8784, 19.91086, 10.8246], "lookat": [0.005, 12.411, -0.192], "direction": [0.376047, -0.758426, -0.532333], "viewMat": [[-0.8480666282249173, 0.26494305347656266, 0.45889886958428566, -6.8784], [0.0, 0.8660273097649778, -0.49999669873033686, 19.91086], [-0.5298896055700847, -0.42403051441582656, -0.7344488605430808, 10.8246], [0.0, 0.0, 0.0, 1.0]], "id": 61}, {"pos": [-7.25868, 19.91086, 10.57764], "lookat": [0.005, 12.411, -0.192], "direction": [0.376047, -0.758426, -0.532333], "viewMat": [[-0.8290566258692968, 0.279580778551307, 0.4842516901022255, -7.25868], [0.0, 0.8660270029653602, -0.4999972301271638, 19.91086], [-0.5591646547325902, -0.4145260165532207, -0.7179854249901609, 10.57764], [0.0, 0.0, 0.0, 1.0]], "id": 62}, {"pos": [-7.6301, 19.91086, 10.31757], "lookat": [0.005, 12.411, -0.192], "direction": [0.376047, -0.758426, -0.532333], "viewMat": [[-0.8090371112996146, 0.2938774010462465, 0.5090137775092913, -7.6301], [0.0, 0.8660267596553, -0.49999765155542614, 19.91086], [-0.5877575627246108, -0.40451665567099326, -0.7006477879396895, 10.31757], [0.0, 0.0, 0.0, 1.0]], "id": 63}, {"pos": [-7.99223, 19.91086, 10.04469], "lookat": [0.005, 12.411, -0.192], "direction": [0.376047, -0.758426, -0.532333], "viewMat": [[-0.7880312478180086, 0.3078163835232898, 0.5331564746835917, -7.99223], [0.0, 0.8660265647857903, -0.4999979890812796, 19.91086], [-0.6156352430314499, -0.3940140392422158, -0.6824559944916897, 10.04469], [0.0, 0.0, 0.0, 1.0]], "id": 64}, {"pos": [-8.34461, 19.91086, 9.75934], "lookat": [0.005, 12.411, -0.192], "direction": [0.376047, -0.758426, -0.532333], "viewMat": [[-0.7660655078666069, 0.3213802133441116, 0.556649257726956, -8.34461], [0.0, 0.8660263371244095, -0.49999838340426533, 19.91086], [-0.6427625048624708, -0.383031515515071, -0.6634329057750681, 9.75934], [0.0, 0.0, 0.0, 1.0]], "id": 65}, {"pos": [-8.68681, 19.91086, 9.46186], "lookat": [0.005, 12.411, -0.192], "direction": [0.376047, -0.758426, -0.532333], "viewMat": [[-0.7431664373597535, 0.3345526518387109, 0.5794636912954063, -8.68681], [0.0, 0.8660259644209626, -0.4999990289477987, 19.91086], [-0.6691066031523016, -0.3715824970264718, -0.6436014306397714, 9.46186], [0.0, 0.0, 0.0, 1.0]], "id": 66}, {"pos": [-9.01843, 19.91086, 9.15263], "lookat": [0.005, 12.411, -0.192], "direction": [0.376047, -0.758426, -0.532333], "viewMat": [[-0.7193618915287503, 0.3473172074962552, 0.6015722952340655, -9.01843], [0.0, 0.8660258520435089, -0.49999922359171156, 19.91086], [-0.69463549363402, -0.35968038724584017, -0.6229859950388161, 9.15263], [0.0, 0.0, 0.0, 1.0]], "id": 67}, {"pos": [-9.33905, 19.91086, 8.83201], "lookat": [0.005, 12.411, -0.192], "direction": [0.376047, -0.758426, -0.532333], "viewMat": [[-0.6946809083481023, 0.3596587563140317, 0.6229478425866002, -9.33905], [0.0, 0.8660256134495017, -0.4999996368492825, 19.91086], [-0.7193180350697844, -0.3473402019001809, -0.6016114598038222, 8.83201], [0.0, 0.0, 0.0, 1.0]], "id": 68}, {"pos": [-9.64828, 19.91086, 8.50039], "lookat": [0.005, 12.411, -0.192], "direction": [0.376047, -0.758426, -0.532333], "viewMat": [[-0.6691534636556016, 0.3715623213396, 0.6435643584276862, -9.64828], [0.0, 0.8660252489278107, -0.5000002682194515, 19.91086], [-0.7431242440384459, -0.3345769113077757, -0.5795037949332491, 8.50039], [0.0, 0.0, 0.0, 1.0]], "id": 69}, {"pos": [-9.94576, 19.91086, 8.15819], "lookat": [0.005, 12.411, -0.192], "direction": [0.376047, -0.758426, -0.532333], "viewMat": [[-0.6428106915589826, 0.38301287981781884, 0.6633969767123782, -9.94576], [0.0, 0.8660251456056478, -0.5000004471785167, 19.91086], [-0.7660250745357247, -0.3214056332306228, -0.5566902227542351, 8.15819], [0.0, 0.0, 0.0, 1.0]], "id": 70}, {"pos": [-10.23111, 19.91086, 7.80581], "lookat": [0.005, 12.411, -0.192], "direction": [0.376047, -0.758426, -0.532333], "viewMat": [[-0.6156846299536851, 0.3939970207132131, 0.6824212658672837, -10.23111], [0.0, 0.8660248986908519, -0.5000008748467344, 19.91086], [-0.7879926626808108, -0.30784285360653046, -0.5331982192811547, 7.80581], [0.0, 0.0, 0.0, 1.0]], "id": 71}, {"pos": [-10.50399, 19.91086, 7.44368], "lookat": [0.005, 12.411, -0.192], "direction": [0.376047, -0.758426, -0.532333], "viewMat": [[-0.5878080180434792, 0.4045013236485697, 0.7006143112229095, -10.50399], [0.0, 0.866024621007155, -0.5000013558075752, 19.91086], [-0.8090004535992529, -0.2939048059763032, -0.509056216051071, 7.44368], [0.0, 0.0, 0.0, 1.0]], "id": 72}, {"pos": [-10.76406, 19.91086, 7.07226], "lookat": [0.005, 12.411, -0.192], "direction": [0.376047, -0.758426, -0.532333], "viewMat": [[-0.5592160413521324, 0.41451243209535643, 0.7179532455061699, -10.76406], [0.0, 0.8660243943848318, -0.5000017483273287, 19.91086], [-0.8290219653871965, -0.279608998368754, -0.4842947335422636, 7.07226], [0.0, 0.0, 0.0, 1.0]], "id": 73}, {"pos": [-11.01102, 19.91086, 6.69198], "lookat": [0.005, 12.411, -0.192], "direction": [0.376047, -0.758426, -0.532333], "viewMat": [[-0.5299417819093563, 0.4240187301729281, 0.7344180173778921, -11.01102], [0.0, 0.8660242344178877, -0.5000020253968092, 19.91086], [-0.8480340251350392, -0.2649719642970722, -0.4589424259641015, 6.69198], [0.0, 0.0, 0.0, 1.0]], "id": 74}, {"pos": [-11.24455, 19.91086, 6.30332], "lookat": [0.005, 12.411, -0.192], "direction": [0.376047, -0.758426, -0.532333], "viewMat": [[-0.5000224754411482, 0.43300827571595607, 0.7499875713738201, -11.24455], [0.0, 0.8660240290133617, -0.500002381165794, 19.91086], [-0.8660124271935745, -0.25001242835698884, -0.4330314787787779, 6.30332], [0.0, 0.0, 0.0, 1.0]], "id": 75}, {"pos": [-11.46438, 19.91086, 5.90674], "lookat": [0.005, 12.411, -0.192], "direction": [0.376047, -0.758426, -0.532333], "viewMat": [[-0.46949331676888734, 0.44147036048272226, 0.7646436727813842, -11.46438], [0.0, 0.866023868671844, -0.5000026588835832, 19.91086], [-0.882936025717237, -0.23474790671251608, -0.4065924185037673, 5.90674], [0.0, 0.0, 0.0, 1.0]], "id": 76}, {"pos": [-11.67023, 19.91086, 5.50274], "lookat": [0.005, 12.411, -0.192], "direction": [0.376047, -0.758426, -0.532333], "viewMat": [[-0.438392903302587, 0.4493943546965272, 0.7783677641711665, -11.67023], [0.0, 0.8660237096010887, -0.5000029344001586, 19.91086], [-0.8987834346125482, -0.2191977380714985, -0.37965864838089775, 5.50274], [0.0, 0.0, 0.0, 1.0]], "id": 77}, {"pos": [-11.86185, 19.91086, 5.09179], "lookat": [0.005, 12.411, -0.192], "direction": [0.376047, -0.758426, -0.532333], "viewMat": [[-0.4067577143148358, 0.45677121958112754, 0.7911436119995785, -11.86185], [0.0, 0.8660233929783195, -0.5000034828021892, 19.91086], [-0.9135360758313654, -0.2033802738140758, -0.3522616958710401, 5.09179], [0.0, 0.0, 0.0, 1.0]], "id": 78}, {"pos": [-12.03902, 19.91086, 4.67441], "lookat": [0.005, 12.411, -0.192], "direction": [0.376047, -0.758426, -0.532333], "viewMat": [[-0.3746271125841206, 0.46359121891818794, 0.8029556079004825, -12.03902], [0.0, 0.8660232636185586, -0.5000037068577196, 19.91086], [-0.9271755640205821, -0.18731494498146456, -0.32443579468009737, 4.67441], [0.0, 0.0, 0.0, 1.0]], "id": 79}, {"pos": [-12.20152, 19.91086, 4.2511], "lookat": [0.005, 12.411, -0.192], "direction": [0.376047, -0.758426, -0.532333], "viewMat": [[-0.34203986040110257, 0.4698463055058263, 0.8137893972640096, -12.20152], [0.0, 0.8660232020763509, -0.5000038134508815, 19.91086], [-0.9396854441230822, -0.17102123455275842, -0.29621445514231093, 4.2511], [0.0, 0.0, 0.0, 1.0]], "id": 80}, {"pos": [-12.34914, 19.91086, 3.82238], "lookat": [0.005, 12.411, -0.192], "direction": [0.376047, -0.758426, -0.532333], "viewMat": [[-0.3090362531737189, 0.4755290162188663, 0.8236314400010883, -12.34914], [0.0, 0.866023044129983, -0.5000040870191338, 19.91086], [-0.9510502585165251, -0.1545193896239392, -0.2676325167200282, 3.82238], [0.0, 0.0, 0.0, 1.0]], "id": 81}, {"pos": [-12.48171, 19.91086, 3.38876], "lookat": [0.005, 12.411, -0.192], "direction": [0.376047, -0.758426, -0.532333], "viewMat": [[-0.27565538984699345, 0.480632461331451, 0.832470145508398, -12.48171], [0.0, 0.8660228817399397, -0.5000043682837684, 19.91086], [-0.9612565245803548, -0.13782889906446186, -0.23872387508243975, 3.38876], [0.0, 0.0, 0.0, 1.0]], "id": 82}, {"pos": [-12.59906, 19.91086, 2.95079], "lookat": [0.005, 12.411, -0.192], "direction": [0.376047, -0.758426, -0.532333], "viewMat": [[-0.24193964461969714, 0.4851502245669785, 0.8402942746228282, -12.59906], [0.0, 0.8660226820037683, -0.5000047142327761, 19.91086], [-0.9702913007758519, -0.12097096286965107, -0.20952521991658865, 2.95079], [0.0, 0.0, 0.0, 1.0]], "id": 83}, {"pos": [-12.70106, 19.91086, 2.50898], "lookat": [0.005, 12.411, -0.192], "direction": [0.376047, -0.758426, -0.532333], "viewMat": [[-0.20792815807608175, 0.4890768828738034, 0.8470948493040977, -12.70106], [0.0, 0.8660225512661134, -0.5000049406741216, 19.91086], [-0.978144100365119, -0.10396510634331065, -0.18007047393711206, 2.50898], [0.0, 0.0, 0.0, 1.0]], "id": 84}, {"pos": [-12.78758, 19.91086, 2.06389], "lookat": [0.005, 12.411, -0.192], "direction": [0.376047, -0.758426, -0.532333], "viewMat": [[-0.17366407996805977, 0.4924074614347403, 0.8528632242348373, -12.78758], [0.0, 0.8660224800952148, -0.50000506394409, 19.91086], [-0.9848049488750792, -0.08683291940922128, -0.15039699723739283, 2.06389], [0.0, 0.0, 0.0, 1.0]], "id": 85}, {"pos": [-12.85851, 19.91086, 1.61604], "lookat": [0.005, 12.411, -0.192], "direction": [0.376047, -0.758426, -0.532333], "viewMat": [[-0.13918756265179863, 0.4951383018758936, 0.8575924932148765, -12.85851], [0.0, 0.8660223231797803, -0.5000053357258262, 19.91086], [-0.990266036175659, -0.06959452399257204, -0.12053953636544186, 1.61604], [0.0, 0.0, 0.0, 1.0]], "id": 86}, {"pos": [-12.91377, 19.91086, 1.16599], "lookat": [0.005, 12.411, -0.192], "direction": [0.376047, -0.758426, -0.532333], "viewMat": [[-0.10454160212285082, 0.4972657216932992, 0.8612768750259292, -12.91377], [0.0, 0.8660222314319257, -0.5000054946354773, 19.91086], [-0.9945205143311965, -0.05227137547942129, -0.09053535154789981, 1.16599], [0.0, 0.0, 0.0, 1.0]], "id": 87}, {"pos": [-12.95329, 19.91086, 0.71429], "lookat": [0.005, 12.411, -0.192], "direction": [0.376047, -0.758426, -0.532333], "viewMat": [[-0.06976858486061686, 0.4987872091103284, 0.8639118384386665, -12.95329], [0.0, 0.8660221583813766, -0.5000056211608643, 19.91086], [-0.9975632032941807, -0.03488468461074721, -0.060421140448205665, 0.71429], [0.0, 0.0, 0.0, 1.0]], "id": 88}, {"pos": [-12.97702, 19.91086, 0.26149], "lookat": [0.005, 12.411, -0.192], "direction": [0.376047, -0.758426, -0.532333], "viewMat": [[-0.034910866418492933, 0.4997009935250092, 0.8654941643223418, -12.97702], [0.0, 0.8660220654663039, -0.5000057820920442, 19.91086], [-0.9993904299151108, -0.017455635067089435, -0.03023358064296148, 0.26149], [0.0, 0.0, 0.0, 1.0]], "id": 89}, {"pos": [-12.98493, 19.91086, -0.19187], "lookat": [0.005, 12.411, -0.192], "direction": [0.376047, -0.758426, -0.532333], "viewMat": [[-1.0007752158285775e-05, 0.5000060210162751, 0.8660219274633392, -12.98493], [0.0, 0.8660219275067075, -0.5000060210413142, 19.91086], [-0.9999999999499225, -5.003936336232095e-06, -8.666932814128058e-06, -0.19187], [0.0, 0.0, 0.0, 1.0]], "id": 90}, {"pos": [-12.97702, 19.91086, -0.64523], "lookat": [0.005, 12.411, -0.192], "direction": [0.376047, -0.758426, -0.532333], "viewMat": [[0.03489087530023322, 0.49970160439632894, 0.8654946177675044, -12.97702], [-0.0, 0.8660219142210079, -0.5000060440524506, 19.91086], [-0.9993911280478647, 0.01744564853239697, 0.03021626261635446, -0.64523], [0.0, 0.0, 0.0, 1.0]], "id": 91}, {"pos": [-12.95329, 19.91086, -1.09803], "lookat": [0.005, 12.411, -0.192], "direction": [0.376047, -0.758426, -0.532333], "viewMat": [[0.06974866676440013, 0.49878842786620076, 0.8639127431120301, -12.95329], [-0.0, 0.8660218560776849, -0.5000061447580035, 19.91086], [-0.9975645961463291, 0.034874761970878396, 0.06040386985024974, -1.09803], [0.0, 0.0, 0.0, 1.0]], "id": 92}, {"pos": [-12.91377, 19.91086, -1.54973], "lookat": [0.005, 12.411, -0.192], "direction": [0.376047, -0.758426, -0.532333], "viewMat": [[0.1045218053325694, 0.49726754240136595, 0.8612782265238837, -12.91377], [-0.0, 0.8660217784367538, -0.5000062792338136, 19.91086], [-0.9945225951229165, 0.05226155898313901, 0.09051815973953191, -1.54973], [0.0, 0.0, 0.0, 1.0]], "id": 93}, {"pos": [-12.85851, 19.91086, -1.99978], "lookat": [0.005, 12.411, -0.192], "direction": [0.376047, -0.758426, -0.532333], "viewMat": [[0.13916793486525375, 0.49514071567060935, 0.8575942849567838, -12.85851], [-0.0, 0.8660217200437454, -0.5000063803717635, 19.91086], [-0.9902687947751057, 0.06958485537578889, 0.12052245432694299, -1.99978], [0.0, 0.0, 0.0, 1.0]], "id": 94}, {"pos": [-12.78758, 19.91086, -2.44763], "lookat": [0.005, 12.411, -0.192], "direction": [0.376047, -0.758426, -0.532333], "viewMat": [[0.1736446680639296, 0.4924104565565294, 0.8528654474926031, -12.78758], [-0.0, 0.8660217275530732, -0.5000063673654472, 19.91086], [-0.9848083718434606, 0.08682343969102435, 0.1503800554171043, -2.44763], [0.0, 0.0, 0.0, 1.0]], "id": 95}, {"pos": [-12.70106, 19.91086, -2.89272], "lookat": [0.005, 12.411, -0.192], "direction": [0.376047, -0.758426, -0.532333], "viewMat": [[0.20790900786008537, 0.48908044471737505, 0.8470974932353948, -12.70106], [-0.0, 0.8660216502378407, -0.5000065012770605, 19.91086], [-0.9781481710102181, 0.10395585560410615, 0.18005370208630334, -2.89272], [0.0, 0.0, 0.0, 1.0]], "id": 96}, {"pos": [-12.59906, 19.91086, -3.33453], "lookat": [0.005, 12.411, -0.192], "direction": [0.376047, -0.758426, -0.532333], "viewMat": [[0.24192080064754756, 0.4851543357889976, 0.8402973263548958, -12.59906], [-0.0, 0.8660216335845347, -0.5000065301209315, 19.91086], [-0.9702959992775657, 0.12096198009585786, 0.20950864697486765, -3.33453], [0.0, 0.0, 0.0, 1.0]], "id": 97}, {"pos": [-12.48171, 19.91086, -3.7725], "lookat": [0.005, 12.411, -0.192], "direction": [0.376047, -0.758426, -0.532333], "viewMat": [[0.275636895167118, 0.4806371018834559, 0.8324735901610956, -12.48171], [-0.0, 0.8660216872123034, -0.5000064372365174, 19.91086], [-0.9612618280274274, 0.1378202219234461, 0.23870752901058825, -3.7725], [0.0, 0.0, 0.0, 1.0]], "id": 98}, {"pos": [-12.34914, 19.91086, -4.20612], "lookat": [0.005, 12.411, -0.192], "direction": [0.376047, -0.758426, -0.532333], "viewMat": [[0.30901814914363174, 0.47553416350686467, 0.8236352608027845, -12.34914], [-0.0, 0.8660217049449563, -0.5000064065231874, 19.91086], [-0.9510561410872885, 0.15451105430375367, 0.26761642438030275, -4.20612], [0.0, 0.0, 0.0, 1.0]], "id": 99}, {"pos": [-12.20152, 19.91086, -4.63484], "lookat": [0.005, 12.411, -0.192], "direction": [0.376047, -0.758426, -0.532333], "viewMat": [[0.34202218645852944, 0.4698519344399822, 0.8137935755909687, -12.20152], [-0.0, 0.8660217198689204, -0.5000063806745642, 19.91086], [-0.939691877143847, 0.17101327556153023, 0.2961986421501442, -4.63484], [0.0, 0.0, 0.0, 1.0]], "id": 100}, {"pos": [-12.03902, 19.91086, -5.05815], "lookat": [0.005, 12.411, -0.192], "direction": [0.376047, -0.758426, -0.532333], "viewMat": [[0.37460990607789096, 0.46359730208249755, 0.8029601233997509, -12.03902], [-0.0, 0.8660216401915816, -0.5000065186773897, 19.91086], [-0.9271825161575867, 0.1873073950000702, 0.32442028529358946, -5.05815], [0.0, 0.0, 0.0, 1.0]], "id": 101}, {"pos": [-11.86185, 19.91086, -5.47553], "lookat": [0.005, 12.411, -0.192], "direction": [0.376047, -0.758426, -0.532333], "viewMat": [[0.40674101032157406, 0.456777727331376, 0.791148442668358, -11.86185], [-0.0, 0.86602163031187, -0.5000065357892542, 19.91086], [-0.9135435132069983, 0.20337316353431154, 0.35224651287338676, -5.47553], [0.0, 0.0, 0.0, 1.0]], "id": 102}, {"pos": [-11.67023, 19.91086, -5.88648], "lookat": [0.005, 12.411, -0.192], "direction": [0.376047, -0.758426, -0.532333], "viewMat": [[0.43837673446504805, 0.44940125531844394, 0.7783728864740649, -11.67023], [-0.0, 0.866021809845879, -0.5000062248325198, 19.91086], [-0.8987913209860011, 0.21919109605427664, 0.3796438129757472, -5.88648], [0.0, 0.0, 0.0, 1.0]], "id": 103}, {"pos": [-11.46438, 19.91086, -6.29048], "lookat": [0.005, 12.411, -0.192], "direction": [0.376047, -0.758426, -0.532333], "viewMat": [[0.4694777130815403, 0.44147762035457927, 0.7646490617569507, -11.46438], [-0.0, 0.8660218341426708, -0.500006182749938, 19.91086], [-0.8829443226612463, 0.2347417592040716, 0.40657795017198206, -6.29048], [0.0, 0.0, 0.0, 1.0]], "id": 104}, {"pos": [-11.24455, 19.91086, -6.68706], "lookat": [0.005, 12.411, -0.192], "direction": [0.376047, -0.758426, -0.532333], "viewMat": [[0.5000074641831318, 0.4330158594744383, 0.7499932007723588, -11.24455], [-0.0, 0.8660218621860265, -0.5000061341782188, 19.91086], [-0.8660210942934092, 0.2500067992264619, 0.4330173952387887, -6.68706], [0.0, 0.0, 0.0, 1.0]], "id": 105}, {"pos": [-11.01102, 19.91086, -7.07572], "lookat": [0.005, 12.411, -0.192], "direction": [0.376047, -0.758426, -0.532333], "viewMat": [[0.5299273874494421, 0.42402660085918437, 0.734423859766834