[{"pos": [-0.09960860906568268, -0.09960860906568268, -0.7875000000000001], "lookat": [0.0, 0.0, 0.0], "direction": [0.09960860906568268, 0.09960860906568268, 0.7875000000000001], "viewMat": [[0.9920952297150262, -0.015624515646553611, 0.12451076133210334, -0.09960860906568268], [-0.0, 0.9922182573972825, 0.12451076133210334, -0.09960860906568268], [-0.12548727097474627, -0.12352653236576586, 0.9843750000000001, -0.7875000000000001], [0.0, 0.0, 0.0, 1.0]], "id": 0}, {"pos": [-0.25719717683322013, -0.10653455884839098, -0.75], "lookat": [0.0, 0.0, 0.0], "direction": [0.25719717683322013, 0.10653455884839098, 0.75], "viewMat": [[0.9459249256136549, -0.04319784960674723, 0.3214964710415251, -0.25719717683322013], [-0.0, 0.991093452148764, 0.13316819856048873, -0.10653455884839098], [-0.32438562715200775, -0.12596711831743473, 0.9375, -0.75], [0.0, 0.0, 0.0, 1.0]], "id": 1}, {"pos": [-0.3951377536154652, -0.10587684198031184, -0.6875], "lookat": [0.0, 0.0, 0.0], "direction": [0.3951377536154652, 0.10587684198031184, 0.6875], "viewMat": [[0.8670015158641072, -0.06594876587290192, 0.4939221920193315, -0.3951377536154652], [-0.0, 0.9912035726298517, 0.1323460524753898, -0.10587684198031184], [-0.4983055001596312, -0.11474422811479365, 0.859375, -0.6875], [0.0, 0.0, 0.0, 1.0]], "id": 2}, {"pos": [-0.5189827882999398, -0.1032320950500369, -0.6000000000000001], "lookat": [0.0, 0.0, 0.0], "direction": [0.5189827882999398, 0.1032320950500369, 0.6000000000000001], "viewMat": [[0.7563233366789929, -0.0844177863836225, 0.6487284853749248, -0.5189827882999398], [-0.0, 0.9916393738334739, 0.12904011881254612, -0.1032320950500369], [-0.6541979902099629, -0.09759605322575855, 0.7500000000000001, -0.6000000000000001], [0.0, 0.0, 0.0, 1.0]], "id": 3}, {"pos": [-0.6264963668003705, -0.09922727642103203, -0.48750000000000004], "lookat": [0.0, 0.0, 0.0], "direction": [0.6264963668003705, 0.09922727642103203, 0.48750000000000004], "viewMat": [[0.6141172399820877, -0.09788954507406654, 0.7831204585004629, -0.6264963668003705], [-0.0, 0.9922779565963235, 0.12403409552629, -0.09922727642103203], [-0.7892148095143571, -0.07617147640827983, 0.6093749999999999, -0.48750000000000004], [0.0, 0.0, 0.0, 1.0]], "id": 4}, {"pos": [-0.7132203779704394, -0.09389724409003479, -0.35000000000000003], "lookat": [0.0, 0.0, 0.0], "direction": [0.7132203779704394, 0.09389724409003479, 0.35000000000000003], "viewMat": [[0.44054501558333875, -0.10536802738123502, 0.8915254724630491, -0.7132203779704394], [-0.0, 0.9930880716484632, 0.11737155511254348, -0.09389724409003479], [-0.8977305215066912, -0.05170745357609618, 0.4375, -0.35000000000000003], [0.0, 0.0, 0.0, 1.0]], "id": 5}, {"pos": [-0.7728268901842523, -0.08707667775092003, -0.1875], "lookat": [0.0, 0.0, 0.0], "direction": [0.7728268901842523, 0.08707667775092003, 0.1875], "viewMat": [[0.2357758288661771, -0.10577720736378951, 0.9660336127303154, -0.7728268901842523], [-0.0, 0.9940586409009203, 0.10884584718865002, -0.08707667775092003], [-0.9718074698840646, -0.025663219839545212, 0.234375, -0.1875], [0.0, 0.0, 0.0, 1.0]], "id": 6}, {"pos": [-0.7961477813377575, -0.07841371226364849, 0.0], "lookat": [0.0, 0.0, 0.0], "direction": [0.7961477813377575, 0.07841371226364849, 0.0], "viewMat": [[-0.0, -0.09801714032956062, 0.9951847266721969, -0.7961477813377575], [-0.0, 0.995184726672197, 0.0980171403295606, -0.07841371226364849], [-1.0, 0.0, 0.0, 0.0], [0.0, 0.0, 0.0, 1.0]], "id": 7}, {"pos": [-0.7961477813377575, 0.07841371226364849, 0.0], "lookat": [0.0, 0.0, 0.0], "direction": [0.7961477813377575, -0.07841371226364849, 0.0], "viewMat": [[0.0, 0.09801714032956062, 0.9951847266721969, -0.7961477813377575], [-0.0, 0.995184726672197, -0.0980171403295606, 0.07841371226364849], [-1.0, 0.0, 0.0, 0.0], [0.0, 0.0, 0.0, 1.0]], "id": 8}, {"pos": [-0.7728268901842523, 0.08707667775092003, -0.1875], "lookat": [0.0, 0.0, 0.0], "direction": [0.7728268901842523, -0.08707667775092003, 0.1875], "viewMat": [[0.2357758288661771, 0.10577720736378951, 0.9660336127303154, -0.7728268901842523], [-0.0, 0.9940586409009203, -0.10884584718865002, 0.08707667775092003], [-0.9718074698840646, 0.025663219839545212, 0.234375, -0.1875], [0.0, 0.0, 0.0, 1.0]], "id": 9}, {"pos": [-0.7132203779704394, 0.09389724409003479, -0.35000000000000003], "lookat": [0.0, 0.0, 0.0], "direction": [0.7132203779704394, -0.09389724409003479, 0.35000000000000003], "viewMat": [[0.44054501558333875, 0.10536802738123502, 0.8915254724630491, -0.7132203779704394], [-0.0, 0.9930880716484632, -0.11737155511254348, 0.09389724409003479], [-0.8977305215066912, 0.05170745357609618, 0.4375, -0.35000000000000003], [0.0, 0.0, 0.0, 1.0]], "id": 10}, {"pos": [-0.6264963668003705, 0.09922727642103203, -0.48750000000000004], "lookat": [0.0, 0.0, 0.0], "direction": [0.6264963668003705, -0.09922727642103203, 0.48750000000000004], "viewMat": [[0.6141172399820877, 0.09788954507406654, 0.7831204585004629, -0.6264963668003705], [-0.0, 0.9922779565963235, -0.12403409552629, 0.09922727642103203], [-0.7892148095143571, 0.07617147640827983, 0.6093749999999999, -0.48750000000000004], [0.0, 0.0, 0.0, 1.0]], "id": 11}, {"pos": [-0.5189827882999398, 0.1032320950500369, -0.6000000000000001], "lookat": [0.0, 0.0, 0.0], "direction": [0.5189827882999398, -0.1032320950500369, 0.6000000000000001], "viewMat": [[0.7563233366789929, 0.0844177863836225, 0.6487284853749248, -0.5189827882999398], [-0.0, 0.9916393738334739, -0.12904011881254612, 0.1032320950500369], [-0.6541979902099629, 0.09759605322575855, 0.7500000000000001, -0.6000000000000001], [0.0, 0.0, 0.0, 1.0]], "id": 12}, {"pos": [-0.3951377536154652, 0.10587684198031184, -0.6875], "lookat": [0.0, 0.0, 0.0], "direction": [0.3951377536154652, -0.10587684198031184, 0.6875], "viewMat": [[0.8670015158641072, 0.06594876587290192, 0.4939221920193315, -0.3951377536154652], [-0.0, 0.9912035726298517, -0.1323460524753898, 0.10587684198031184], [-0.4983055001596312, 0.11474422811479365, 0.859375, -0.6875], [0.0, 0.0, 0.0, 1.0]], "id": 13}, {"pos": [-0.25719717683322013, 0.10653455884839098, -0.75], "lookat": [0.0, 0.0, 0.0], "direction": [0.25719717683322013, -0.10653455884839098, 0.75], "viewMat": [[0.9459249256136549, 0.04319784960674723, 0.3214964710415251, -0.25719717683322013], [-0.0, 0.991093452148764, -0.13316819856048873, 0.10653455884839098], [-0.32438562715200775, 0.12596711831743473, 0.9375, -0.75], [0.0, 0.0, 0.0, 1.0]], "id": 14}, {"pos": [-0.09960860906568268, 0.09960860906568268, -0.7875000000000001], "lookat": [0.0, 0.0, 0.0], "direction": [0.09960860906568268, -0.09960860906568268, 0.7875000000000001], "viewMat": [[0.9920952297150262, 0.015624515646553611, 0.12451076133210334, -0.09960860906568268], [-0.0, 0.9922182573972825, -0.12451076133210334, 0.09960860906568268], [-0.12548727097474627, 0.12352653236576586, 0.9843750000000001, -0.7875000000000001], [0.0, 0.0, 0.0, 1.0]], "id": 15}, {"pos": [-0.10653455884839101, -0.25719717683322013, -0.75], "lookat": [0.0, 0.0, 0.0], "direction": [0.10653455884839101, 0.25719717683322013, 0.75], "viewMat": [[0.990061601396933, -0.04521345299238689, 0.13316819856048875, -0.10653455884839101], [-0.0, 0.9469107767407898, 0.3214964710415251, -0.25719717683322013], [-0.14063436791673842, -0.3183013109628351, 0.9375, -0.75], [0.0, 0.0, 0.0, 1.0]], "id": 16}, {"pos": [-0.2892609116351534, -0.2892609116351534, -0.6875], "lookat": [0.0, 0.0, 0.0], "direction": [0.2892609116351534, 0.2892609116351534, 0.6875], "viewMat": [[0.9217373678616138, -0.14022453423008363, 0.3615761395439417, -0.2892609116351534], [-0.0, 0.9323425847361582, 0.3615761395439417, -0.2892609116351534], [-0.38781467827758126, -0.33327823914479643, 0.859375, -0.6875], [0.0, 0.0, 0.0, 1.0]], "id": 17}, {"pos": [-0.4399723633719652, -0.29398013448001453, -0.6000000000000001], "lookat": [0.0, 0.0, 0.0], "direction": [0.4399723633719652, 0.29398013448001453, 0.6000000000000001], "viewMat": [[0.8064227089945882, -0.2173025853227849, 0.5499654542149565, -0.4399723633719652], [-0.0, 0.9300333331821303, 0.3674751681000181, -0.29398013448001453], [-0.5913395085886192, -0.2963403205474583, 0.7500000000000001, -0.6000000000000001], [0.0, 0.0, 0.0, 1.0]], "id": 18}, {"pos": [-0.5651705373610915, -0.28796877208991795, -0.48750000000000004], "lookat": [0.0, 0.0, 0.0], "direction": [0.5651705373610915, 0.28796877208991795, 0.48750000000000004], "viewMat": [[0.6531578949665795, -0.27257026850424354, 0.7064631717013643, -0.5651705373610915], [-0.0, 0.9329673647000475, 0.3599609651123974, -0.28796877208991795], [-0.7572217404715919, -0.23511134624295188, 0.609375, -0.48750000000000004], [0.0, 0.0, 0.0, 1.0]], "id": 19}, {"pos": [-0.6646155878641571, -0.27529279025790127, -0.35000000000000003], "lookat": [0.0, 0.0, 0.0], "direction": [0.6646155878641571, 0.27529279025790127, 0.35000000000000003], "viewMat": [[0.4659573445172685, -0.30447629819968847, 0.8307694848301963, -0.6646155878641571], [-0.0, 0.9389271467611477, 0.34411598782237657, -0.27529279025790127], [-0.8848071841313313, -0.1603433718916513, 0.4375, -0.35000000000000003], [0.0, 0.0, 0.0, 1.0]], "id": 20}, {"pos": [-0.7340741228663569, -0.25686364502978776, -0.1875], "lookat": [0.0, 0.0, 0.0], "direction": [0.7340741228663569, 0.25686364502978776, 0.1875], "viewMat": [[0.24747843212501675, -0.31109186380159637, 0.9175926535829461, -0.7340741228663569], [-0.0, 0.9470522258747891, 0.32107955628723467, -0.25686364502978776], [-0.9688934026160688, -0.07946026517736089, 0.234375, -0.1875], [0.0, 0.0, 0.0, 1.0]], "id": 21}, {"pos": [-0.7655522685857671, -0.23222774180356986, 0.0], "lookat": [0.0, 0.0, 0.0], "direction": [0.7655522685857671, 0.23222774180356986, 0.0], "viewMat": [[-0.0, -0.29028467725446233, 0.9569403357322088, -0.7655522685857671], [-0.0, 0.9569403357322088, 0.29028467725446233, -0.23222774180356986], [-1.0, 0.0, 0.0, 0.0], [0.0, 0.0, 0.0, 1.0]], "id": 22}, {"pos": [-0.7728268901842523, -0.08707667775092003, 0.1875], "lookat": [0.0, 0.0, 0.0], "direction": [0.7728268901842523, 0.08707667775092003, -0.1875], "viewMat": [[-0.2357758288661771, -0.10577720736378951, 0.9660336127303154, -0.7728268901842523], [0.0, 0.9940586409009203, 0.10884584718865002, -0.08707667775092003], [-0.9718074698840646, 0.025663219839545212, -0.234375, 0.1875], [0.0, 0.0, 0.0, 1.0]], "id": 23}, {"pos": [-0.7728268901842523, 0.08707667775092003, 0.1875], "lookat": [0.0, 0.0, 0.0], "direction": [0.7728268901842523, -0.08707667775092003, -0.1875], "viewMat": [[-0.2357758288661771, 0.10577720736378951, 0.9660336127303154, -0.7728268901842523], [0.0, 0.9940586409009203, -0.10884584718865002, 0.08707667775092003], [-0.9718074698840646, -0.025663219839545212, -0.234375, 0.1875], [0.0, 0.0, 0.0, 1.0]], "id": 24}, {"pos": [-0.7655522685857671, 0.23222774180356986, 0.0], "lookat": [0.0, 0.0, 0.0], "direction": [0.7655522685857671, -0.23222774180356986, 0.0], "viewMat": [[0.0, 0.29028467725446233, 0.9569403357322088, -0.7655522685857671], [-0.0, 0.9569403357322088, -0.29028467725446233, 0.23222774180356986], [-1.0, 0.0, 0.0, 0.0], [0.0, 0.0, 0.0, 1.0]], "id": 25}, {"pos": [-0.7340741228663569, 0.25686364502978776, -0.1875], "lookat": [0.0, 0.0, 0.0], "direction": [0.7340741228663569, -0.25686364502978776, 0.1875], "viewMat": [[0.24747843212501675, 0.31109186380159637, 0.9175926535829461, -0.7340741228663569], [-0.0, 0.9470522258747891, -0.32107955628723467, 0.25686364502978776], [-0.9688934026160688, 0.07946026517736089, 0.234375, -0.1875], [0.0, 0.0, 0.0, 1.0]], "id": 26}, {"pos": [-0.6646155878641571, 0.27529279025790127, -0.35000000000000003], "lookat": [0.0, 0.0, 0.0], "direction": [0.6646155878641571, -0.27529279025790127, 0.35000000000000003], "viewMat": [[0.4659573445172685, 0.30447629819968847, 0.8307694848301963, -0.6646155878641571], [-0.0, 0.9389271467611477, -0.34411598782237657, 0.27529279025790127], [-0.8848071841313313, 0.1603433718916513, 0.4375, -0.35000000000000003], [0.0, 0.0, 0.0, 1.0]], "id": 27}, {"pos": [-0.5651705373610915, 0.28796877208991795, -0.48750000000000004], "lookat": [0.0, 0.0, 0.0], "direction": [0.5651705373610915, -0.28796877208991795, 0.48750000000000004], "viewMat": [[0.6531578949665795, 0.27257026850424354, 0.7064631717013643, -0.5651705373610915], [-0.0, 0.9329673647000475, -0.3599609651123974, 0.28796877208991795], [-0.7572217404715919, 0.23511134624295188, 0.609375, -0.48750000000000004], [0.0, 0.0, 0.0, 1.0]], "id": 28}, {"pos": [-0.4399723633719652, 0.29398013448001453, -0.6000000000000001], "lookat": [0.0, 0.0, 0.0], "direction": [0.4399723633719652, -0.29398013448001453, 0.6000000000000001], "viewMat": [[0.8064227089945882, 0.2173025853227849, 0.5499654542149565, -0.4399723633719652], [-0.0, 0.9300333331821303, -0.3674751681000181, 0.29398013448001453], [-0.5913395085886192, 0.2963403205474583, 0.7500000000000001, -0.6000000000000001], [0.0, 0.0, 0.0, 1.0]], "id": 29}, {"pos": [-0.2892609116351534, 0.2892609116351534, -0.6875], "lookat": [0.0, 0.0, 0.0], "direction": [0.2892609116351534, -0.2892609116351534, 0.6875], "viewMat": [[0.9217373678616138, 0.14022453423008363, 0.3615761395439417, -0.2892609116351534], [-0.0, 0.9323425847361582, -0.3615761395439417, 0.2892609116351534], [-0.38781467827758126, 0.33327823914479643, 0.859375, -0.6875], [0.0, 0.0, 0.0, 1.0]], "id": 30}, {"pos": [-0.10653455884839101, 0.25719717683322013, -0.75], "lookat": [0.0, 0.0, 0.0], "direction": [0.10653455884839101, -0.25719717683322013, 0.75], "viewMat": [[0.990061601396933, 0.04521345299238689, 0.13316819856048875, -0.10653455884839101], [-0.0, 0.9469107767407898, -0.3214964710415251, 0.25719717683322013], [-0.14063436791673842, 0.3183013109628351, 0.9375, -0.75], [0.0, 0.0, 0.0, 1.0]], "id": 31}, {"pos": [-0.10587684198031191, -0.39513775361546516, -0.6875], "lookat": [0.0, 0.0, 0.0], "direction": [0.10587684198031191, 0.39513775361546516, 0.6875], "viewMat": [[0.988348436140633, -0.07517906073200417, 0.13234605247538989, -0.10587684198031191], [-0.0, 0.8695061059192275, 0.4939221920193314, -0.39513775361546516], [-0.15220830719236392, -0.4881672260574597, 0.859375, -0.6875], [0.0, 0.0, 0.0, 1.0]], "id": 32}, {"pos": [-0.2939801344800146, -0.4399723633719652, -0.6000000000000001], "lookat": [0.0, 0.0, 0.0], "direction": [0.2939801344800146, 0.4399723633719652, 0.6000000000000001], "viewMat": [[0.8980020492966595, -0.24197999977035944, 0.36747516810001823, -0.2939801344800146], [-0.0, 0.8351874036227657, 0.5499654542149565, -0.4399723633719652], [-0.43999127202593435, -0.493870104927399, 0.7500000000000001, -0.6000000000000001], [0.0, 0.0, 0.0, 1.0]], "id": 33}, {"pos": [-0.4485218779502289, -0.4485218779502289, -0.48750000000000004], "lookat": [0.0, 0.0, 0.0], "direction": [0.4485218779502289, 0.4485218779502289, 0.48750000000000004], "viewMat": [[0.7359145556520678, -0.3796033615392777, 0.5606523474377861, -0.4485218779502289], [-0.0, 0.8280512938897565, 0.5606523474377861, -0.4485218779502289], [-0.6770744174604588, -0.412592223139967, 0.609375, -0.48750000000000004], [0.0, 0.0, 0.0, 1.0]], "id": 34}, {"pos": [-0.5707183437741223, -0.43792758771253815, -0.35000000000000003], "lookat": [0.0, 0.0, 0.0], "direction": [0.5707183437741223, 0.43792758771253815, 0.35000000000000003], "viewMat": [[0.5227845037787248, -0.46664735773750954, 0.7133979297176529, -0.5707183437741223], [-0.0, 0.8368648971760215, 0.5474094846406726, -0.43792758771253815], [-0.8524648747067719, -0.28617719579164147, 0.4375, -0.35000000000000003], [0.0, 0.0, 0.0, 1.0]], "id": 35}, {"pos": [-0.6585118138013493, -0.4137703965776881, -0.1875], "lookat": [0.0, 0.0, 0.0], "direction": [0.6585118138013493, 0.4137703965776881, 0.1875], "viewMat": [[0.2738484092266725, -0.4974414260321112, 0.8231397672516866, -0.6585118138013493], [-0.0, 0.8558567152603059, 0.5172129957221101, -0.4137703965776881], [-0.961772867554508, -0.14163795610986157, 0.234375, -0.1875], [0.0, 0.0, 0.0, 1.0]], "id": 36}, {"pos": [-0.7055370114786841, -0.37711738946079815, 0.0], "lookat": [0.0, 0.0, 0.0], "direction": [0.7055370114786841, 0.37711738946079815, 0.0], "viewMat": [[-0.0, -0.47139673682599764, 0.881921264348355, -0.7055370114786841], [-0.0, 0.8819212643483549, 0.47139673682599764, -0.37711738946079815], [-1.0, 0.0, 0.0, 0.0], [0.0, 0.0, 0.0, 1.0]], "id": 37}, {"pos": [-0.7340741228663569, -0.25686364502978776, 0.1875], "lookat": [0.0, 0.0, 0.0], "direction": [0.7340741228663569, 0.25686364502978776, -0.1875], "viewMat": [[-0.24747843212501675, -0.31109186380159637, 0.9175926535829461, -0.7340741228663569], [0.0, 0.9470522258747891, 0.32107955628723467, -0.25686364502978776], [-0.9688934026160688, 0.07946026517736089, -0.234375, 0.1875], [0.0, 0.0, 0.0, 1.0]], "id": 38}, {"pos": [-0.7132203779704394, -0.09389724409003479, 0.35000000000000003], "lookat": [0.0, 0.0, 0.0], "direction": [0.7132203779704394, 0.09389724409003479, -0.35000000000000003], "viewMat": [[-0.44054501558333875, -0.10536802738123502, 0.8915254724630491, -0.7132203779704394], [0.0, 0.9930880716484632, 0.11737155511254348, -0.09389724409003479], [-0.8977305215066912, 0.05170745357609618, -0.4375, 0.35000000000000003], [0.0, 0.0, 0.0, 1.0]], "id": 39}, {"pos": [-0.7132203779704394, 0.09389724409003479, 0.35000000000000003], "lookat": [0.0, 0.0, 0.0], "direction": [0.7132203779704394, -0.09389724409003479, -0.35000000000000003], "viewMat": [[-0.44054501558333875, 0.10536802738123502, 0.8915254724630491, -0.7132203779704394], [0.0, 0.9930880716484632, -0.11737155511254348, 0.09389724409003479], [-0.8977305215066912, -0.05170745357609618, -0.4375, 0.35000000000000003], [0.0, 0.0, 0.0, 1.0]], "id": 40}, {"pos": [-0.7340741228663569, 0.25686364502978776, 0.1875], "lookat": [0.0, 0.0, 0.0], "direction": [0.7340741228663569, -0.25686364502978776, -0.1875], "viewMat": [[-0.24747843212501675, 0.31109186380159637, 0.9175926535829461, -0.7340741228663569], [0.0, 0.9470522258747891, -0.32107955628723467, 0.25686364502978776], [-0.9688934026160688, -0.07946026517736089, -0.234375, 0.1875], [0.0, 0.0, 0.0, 1.0]], "id": 41}, {"pos": [-0.7055370114786841, 0.37711738946079815, 0.0], "lookat": [0.0, 0.0, 0.0], "direction": [0.7055370114786841, -0.37711738946079815, 0.0], "viewMat": [[0.0, 0.47139673682599764, 0.881921264348355, -0.7055370114786841], [-0.0, 0.8819212643483549, -0.47139673682599764, 0.37711738946079815], [-1.0, 0.0, 0.0, 0.0], [0.0, 0.0, 0.0, 1.0]], "id": 42}, {"pos": [-0.6585118138013493, 0.4137703965776881, -0.1875], "lookat": [0.0, 0.0, 0.0], "direction": [0.6585118138013493, -0.4137703965776881, 0.1875], "viewMat": [[0.2738484092266725, 0.4974414260321112, 0.8231397672516866, -0.6585118138013493], [-0.0, 0.8558567152603059, -0.5172129957221101, 0.4137703965776881], [-0.961772867554508, 0.14163795610986157, 0.234375, -0.1875], [0.0, 0.0, 0.0, 1.0]], "id": 43}, {"pos": [-0.5707183437741223, 0.43792758771253815, -0.35000000000000003], "lookat": [0.0, 0.0, 0.0], "direction": [0.5707183437741223, -0.43792758771253815, 0.35000000000000003], "viewMat": [[0.5227845037787248, 0.46664735773750954, 0.7133979297176529, -0.5707183437741223], [-0.0, 0.8368648971760215, -0.5474094846406726, 0.43792758771253815], [-0.8524648747067719, 0.28617719579164147, 0.4375, -0.35000000000000003], [0.0, 0.0, 0.0, 1.0]], "id": 44}, {"pos": [-0.4485218779502289, 0.4485218779502289, -0.48750000000000004], "lookat": [0.0, 0.0, 0.0], "direction": [0.4485218779502289, -0.4485218779502289, 0.48750000000000004], "viewMat": [[0.7359145556520678, 0.3796033615392777, 0.5606523474377861, -0.4485218779502289], [-0.0, 0.8280512938897565, -0.5606523474377861, 0.4485218779502289], [-0.6770744174604588, 0.412592223139967, 0.609375, -0.48750000000000004], [0.0, 0.0, 0.0, 1.0]], "id": 45}, {"pos": [-0.2939801344800146, 0.4399723633719652, -0.6000000000000001], "lookat": [0.0, 0.0, 0.0], "direction": [0.2939801344800146, -0.4399723633719652, 0.6000000000000001], "viewMat": [[0.8980020492966595, 0.24197999977035944, 0.36747516810001823, -0.2939801344800146], [-0.0, 0.8351874036227657, -0.5499654542149565, 0.4399723633719652], [-0.43999127202593435, 0.493870104927399, 0.7500000000000001, -0.6000000000000001], [0.0, 0.0, 0.0, 1.0]], "id": 46}, {"pos": [-0.10587684198031191, 0.39513775361546516, -0.6875], "lookat": [0.0, 0.0, 0.0], "direction": [0.10587684198031191, -0.39513775361546516, 0.6875], "viewMat": [[0.988348436140633, 0.07517906073200417, 0.13234605247538989, -0.10587684198031191], [-0.0, 0.8695061059192275, -0.4939221920193314, 0.39513775361546516], [-0.15220830719236392, 0.4881672260574597, 0.859375, -0.6875], [0.0, 0.0, 0.0, 1.0]], "id": 47}, {"pos": [-0.10323209505003694, -0.5189827882999398, -0.6000000000000001], "lookat": [0.0, 0.0, 0.0], "direction": [0.10323209505003694, 0.5189827882999398, 0.6000000000000001], "viewMat": [[0.985519509432772, -0.10999974665531036, 0.12904011881254618, -0.10323209505003694], [-0.0, 0.7610199420929494, 0.6487284853749248, -0.5189827882999398], [-0.16956207278571614, -0.639334578661761, 0.7500000000000001, -0.6000000000000001], [0.0, 0.0, 0.0, 1.0]], "id": 48}, {"pos": [-0.287968772089918, -0.5651705373610915, -0.48750000000000004], "lookat": [0.0, 0.0, 0.0], "direction": [0.287968772089918, 0.5651705373610915, 0.48750000000000004], "viewMat": [[0.8610034158386928, -0.35930658428347034, 0.3599609651123975, -0.287968772089918], [-0.0, 0.7077498053900465, 0.7064631717013643, -0.5651705373610915], [-0.5085991721523967, -0.6082672039991116, 0.609375, -0.48750000000000004], [0.0, 0.0, 0.0, 1.0]], "id": 49}, {"pos": [-0.43792758771253815, -0.5707183437741223, -0.35000000000000003], "lookat": [0.0, 0.0, 0.0], "direction": [0.43792758771253815, 0.5707183437741223, 0.35000000000000003], "viewMat": [[0.6243229169818263, -0.5572824700784486, 0.5474094846406726, -0.43792758771253815], [-0.0, 0.70075915539832, 0.7133979297176529, -0.5707183437741223], [-0.7811663685357325, -0.4453906764501209, 0.4375, -0.35000000000000003], [0.0, 0.0, 0.0, 1.0]], "id": 50}, {"pos": [-0.5499289726864734, -0.5499289726864734, -0.1875], "lookat": [0.0, 0.0, 0.0], "direction": [0.5499289726864734, 0.5499289726864734, 0.1875], "viewMat": [[0.3227112635045248, -0.6506329692843832, 0.6874112158580917, -0.5499289726864734], [-0.0, 0.7262684216682562, 0.6874112158580917, -0.5499289726864734], [-0.9464974592714515, -0.22183534201674643, 0.234375, -0.1875], [0.0, 0.0, 0.0, 1.0]], "id": 51}, {"pos": [-0.6184083626901896, -0.5075146273309165, 0.0], "lookat": [0.0, 0.0, 0.0], "direction": [0.6184083626901896, 0.5075146273309165, 0.0], "viewMat": [[-0.0, -0.6343932841636456, 0.773010453362737, -0.6184083626901896], [-0.0, 0.773010453362737, 0.6343932841636455, -0.5075146273309165], [-1.0, 0.0, 0.0, 0.0], [0.0, 0.0, 0.0, 1.0]], "id": 52}, {"pos": [-0.6585118138013493, -0.4137703965776881, 0.1875], "lookat": [0.0, 0.0, 0.0], "direction": [0.6585118138013493, 0.4137703965776881, -0.1875], "viewMat": [[-0.2738484092266725, -0.4974414260321112, 0.8231397672516866, -0.6585118138013493], [0.0, 0.8558567152603059, 0.5172129957221101, -0.4137703965776881], [-0.961772867554508, 0.14163795610986157, -0.234375, 0.1875], [0.0, 0.0, 0.0, 1.0]], "id": 53}, {"pos": [-0.6646155878641571, -0.27529279025790127, 0.35000000000000003], "lookat": [0.0, 0.0, 0.0], "direction": [0.6646155878641571, 0.27529279025790127, -0.35000000000000003], "viewMat": [[-0.4659573445172685, -0.30447629819968847, 0.8307694848301963, -0.6646155878641571], [0.0, 0.9389271467611477, 0.34411598782237657, -0.27529279025790127], [-0.8848071841313313, 0.1603433718916513, -0.4375, 0.35000000000000003], [0.0, 0.0, 0.0, 1.0]], "id": 54}, {"pos": [-0.6264963668003705, -0.09922727642103203, 0.48750000000000004], "lookat": [0.0, 0.0, 0.0], "direction": [0.6264963668003705, 0.09922727642103203, -0.48750000000000004], "viewMat": [[-0.6141172399820877, -0.09788954507406654, 0.7831204585004629, -0.6264963668003705], [0.0, 0.9922779565963235, 0.12403409552629, -0.09922727642103203], [-0.7892148095143571, 0.07617147640827983, -0.6093749999999999, 0.48750000000000004], [0.0, 0.0, 0.0, 1.0]], "id": 55}, {"pos": [-0.6264963668003705, 0.09922727642103203, 0.48750000000000004], "lookat": [0.0, 0.0, 0.0], "direction": [0.6264963668003705, -0.09922727642103203, -0.48750000000000004], "viewMat": [[-0.6141172399820877, 0.09788954507406654, 0.7831204585004629, -0.6264963668003705], [0.0, 0.9922779565963235, -0.12403409552629, 0.09922727642103203], [-0.7892148095143571, -0.07617147640827983, -0.6093749999999999, 0.48750000000000004], [0.0, 0.0, 0.0, 1.0]], "id": 56}, {"pos": [-0.6646155878641571, 0.27529279025790127, 0.35000000000000003], "lookat": [0.0, 0.0, 0.0], "direction": [0.6646155878641571, -0.27529279025790127, -0.35000000000000003], "viewMat": [[-0.4659573445172685, 0.30447629819968847, 0.8307694848301963, -0.6646155878641571], [0.0, 0.9389271467611477, -0.34411598782237657, 0.27529279025790127], [-0.8848071841313313, -0.1603433718916513, -0.4375, 0.35000000000000003], [0.0, 0.0, 0.0, 1.0]], "id": 57}, {"pos": [-0.6585118138013493, 0.4137703965776881, 0.1875], "lookat": [0.0, 0.0, 0.0], "direction": [0.6585118138013493, -0.4137703965776881, -0.1875], "viewMat": [[-0.2738484092266725, 0.4974414260321112, 0.8231397672516866, -0.6585118138013493], [0.0, 0.8558567152603059, -0.5172129957221101, 0.4137703965776881], [-0.961772867554508, -0.14163795610986157, -0.234375, 0.1875], [0.0, 0.0, 0.0, 1.0]], "id": 58}, {"pos": [-0.6184083626901896, 0.5075146273309165, 0.0], "lookat": [0.0, 0.0, 0.0], "direction": [0.6184083626901896, -0.5075146273309165, 0.0], "viewMat": [[0.0, 0.6343932841636456, 0.773010453362737, -0.6184083626901896], [-0.0, 0.773010453362737, -0.6343932841636455, 0.5075146273309165], [-1.0, 0.0, 0.0, 0.0], [0.0, 0.0, 0.0, 1.0]], "id": 59}, {"pos": [-0.5499289726864734, 0.5499289726864734, -0.1875], "lookat": [0.0, 0.0, 0.0], "direction": [0.5499289726864734, -0.5499289726864734, 0.1875], "viewMat": [[0.3227112635045248, 0.6506329692843832, 0.6874112158580917, -0.5499289726864734], [-0.0, 0.7262684216682562, -0.6874112158580917, 0.5499289726864734], [-0.9464974592714515, 0.22183534201674643, 0.234375, -0.1875], [0.0, 0.0, 0.0, 1.0]], "id": 60}, {"pos": [-0.43792758771253815, 0.5707183437741223, -0.35000000000000003], "lookat": [0.0, 0.0, 0.0], "direction": [0.43792758771253815, -0.5707183437741223, 0.35000000000000003], "viewMat": [[0.6243229169818263, 0.5572824700784486, 0.5474094846406726, -0.43792758771253815], [-0.0, 0.70075915539832, -0.7133979297176529, 0.5707183437741223], [-0.7811663685357325, 0.4453906764501209, 0.4375, -0.35000000000000003], [0.0, 0.0, 0.0, 1.0]], "id": 61}, {"pos": [-0.287968772089918, 0.5651705373610915, -0.48750000000000004], "lookat": [0.0, 0.0, 0.0], "direction": [0.287968772089918, -0.5651705373610915, 0.48750000000000004], "viewMat": [[0.8610034158386928, 0.35930658428347034, 0.3599609651123975, -0.287968772089918], [-0.0, 0.7077498053900465, -0.7064631717013643, 0.5651705373610915], [-0.5085991721523967, 0.6082672039991116, 0.609375, -0.48750000000000004], [0.0, 0.0, 0.0, 1.0]], "id": 62}, {"pos": [-0.10323209505003694, 0.5189827882999398, -0.6000000000000001], "lookat": [0.0, 0.0, 0.0], "direction": [0.10323209505003694, -0.5189827882999398, 0.6000000000000001], "viewMat": [[0.985519509432772, 0.10999974665531036, 0.12904011881254618, -0.10323209505003694], [-0.0, 0.7610199420929494, -0.6487284853749248, 0.5189827882999398], [-0.16956207278571614, 0.639334578661761, 0.7500000000000001, -0.6000000000000001], [0.0, 0.0, 0.0, 1.0]], "id": 63}, {"pos": [-0.09922727642103209, -0.6264963668003705, -0.48750000000000004], "lookat": [0.0, 0.0, 0.0], "direction": [0.09922727642103209, 0.6264963668003705, 0.48750000000000004], "viewMat": [[0.9799073120604249, -0.15619604001858708, 0.12403409552629006, -0.09922727642103209], [-0.0, 0.6218700406660742, 0.7831204585004629, -0.6264963668003705], [-0.19945340250422633, -0.7673854635087162, 0.6093749999999999, -0.48750000000000004], [0.0, 0.0, 0.0, 1.0]], "id": 64}, {"pos": [-0.2752927902579013, -0.6646155878641571, -0.35000000000000003], "lookat": [0.0, 0.0, 0.0], "direction": [0.2752927902579013, 0.6646155878641571, 0.35000000000000003], "viewMat": [[0.785998806505487, -0.5136049679442166, 0.3441159878223766, -0.2752927902579013], [-0.0, 0.556616621270844, 0.8307694848301963, -0.6646155878641571], [-0.6182280130922165, -0.6529838235577127, 0.4375, -0.35000000000000003], [0.0, 0.0, 0.0, 1.0]], "id": 65}, {"pos": [-0.4137703965776881, -0.6585118138013493, -0.1875], "lookat": [0.0, 0.0, 0.0], "direction": [0.4137703965776881, 0.6585118138013493, 0.1875], "viewMat": [[0.41274916833176745, -0.7497525199007969, 0.5172129957221101, -0.4137703965776881], [-0.0, 0.5678388183004394, 0.8231397672516866, -0.6585118138013493], [-0.9108447310279806, -0.3397502543539382, 0.234375, -0.1875], [0.0, 0.0, 0.0, 1.0]], "id": 66}, {"pos": [-0.5075146273309165, -0.6184083626901895, 0.0], "lookat": [0.0, 0.0, 0.0], "direction": [0.5075146273309165, 0.6184083626901895, 0.0], "viewMat": [[-0.0, -0.7730104533627369, 0.6343932841636455, -0.5075146273309165], [-0.0, 0.6343932841636456, 0.7730104533627369, -0.6184083626901895], [-1.0, 0.0, 0.0, 0.0], [0.0, 0.0, 0.0, 1.0]], "id": 67}, {"pos": [-0.5499289726864734, -0.5499289726864734, 0.1875], "lookat": [0.0, 0.0, 0.0], "direction": [0.5499289726864734, 0.5499289726864734, -0.1875], "viewMat": [[-0.3227112635045248, -0.6506329692843832, 0.6874112158580917, -0.5499289726864734], [0.0, 0.7262684216682562, 0.6874112158580917, -0.5499289726864734], [-0.9464974592714515, 0.22183534201674643, -0.234375, 0.1875], [0.0, 0.0, 0.0, 1.0]], "id": 68}, {"pos": [-0.5707183437741223, -0.43792758771253815, 0.35000000000000003], "lookat": [0.0, 0.0, 0.0], "direction": [0.5707183437741223, 0.43792758771253815, -0.35000000000000003], "viewMat": [[-0.5227845037787248, -0.46664735773750954, 0.7133979297176529, -0.5707183437741223], [0.0, 0.8368648971760215, 0.5474094846406726, -0.43792758771253815], [-0.8524648747067719, 0.28617719579164147, -0.4375, 0.35000000000000003], [0.0, 0.0, 0.0, 1.0]], "id": 69}, {"pos": [-0.5651705373610915, -0.28796877208991795, 0.48750000000000004], "lookat": [0.0, 0.0, 0.0], "direction": [0.5651705373610915, 0.28796877208991795, -0.48750000000000004], "viewMat": [[-0.6531578949665795, -0.27257026850424354, 0.7064631717013643, -0.5651705373610915], [0.0, 0.9329673647000475, 0.3599609651123974, -0.28796877208991795], [-0.7572217404715919, 0.23511134624295188, -0.609375, 0.48750000000000004], [0.0, 0.0, 0.0, 1.0]], "id": 70}, {"pos": [-0.5189827882999398, -0.1032320950500369, 0.6000000000000001], "lookat": [0.0, 0.0, 0.0], "direction": [0.5189827882999398, 0.1032320950500369, -0.6000000000000001], "viewMat": [[-0.7563233366789929, -0.0844177863836225, 0.6487284853749248, -0.5189827882999398], [0.0, 0.9916393738334739, 0.12904011881254612, -0.1032320950500369], [-0.6541979902099629, 0.09759605322575855, -0.7500000000000001, 0.6000000000000001], [0.0, 0.0, 0.0, 1.0]], "id": 71}, {"pos": [-0.5189827882999398, 0.1032320950500369, 0.6000000000000001], "lookat": [0.0, 0.0, 0.0], "direction": [0.5189827882999398, -0.1032320950500369, -0.6000000000000001], "viewMat": [[-0.7563233366789929, 0.0844177863836225, 0.6487284853749248, -0.5189827882999398], [0.0, 0.9916393738334739, -0.12904011881254612, 0.1032320950500369], [-0.6541979902099629, -0.09759605322575855, -0.7500000000000001, 0.6000000000000001], [0.0, 0.0, 0.0, 1.0]], "id": 72}, {"pos": [-0.5651705373610915, 0.28796877208991795, 0.48750000000000004], "lookat": [0.0, 0.0, 0.0], "direction": [0.5651705373610915, -0.28796877208991795, -0.48750000000000004], "viewMat": [[-0.6531578949665795, 0.27257026850424354, 0.7064631717013643, -0.5651705373610915], [0.0, 0.9329673647000475, -0.3599609651123974, 0.28796877208991795], [-0.7572217404715919, -0.23511134624295188, -0.609375, 0.48750000000000004], [0.0, 0.0, 0.0, 1.0]], "id": 73}, {"pos": [-0.5707183437741223, 0.43792758771253815, 0.35000000000000003], "lookat": [0.0, 0.0, 0.0], "direction": [0.5707183437741223, -0.43792758771253815, -0.35000000000000003], "viewMat": [[-0.5227845037787248, 0.46664735773750954, 0.7133979297176529, -0.5707183437741223], [0.0, 0.8368648971760215, -0.5474094846406726, 0.43792758771253815], [-0.8524648747067719, -0.28617719579164147, -0.4375, 0.35000000000000003], [0.0, 0.0, 0.0, 1.0]], "id": 74}, {"pos": [-0.5499289726864734, 0.5499289726864734, 0.1875], "lookat": [0.0, 0.0, 0.0], "direction": [0.5499289726864734, -0.5499289726864734, -0.1875], "viewMat": [[-0.3227112635045248, 0.6506329692843832, 0.6874112158580917, -0.5499289726864734], [0.0, 0.7262684216682562, -0.6874112158580917, 0.5499289726864734], [-0.9464974592714515, -0.22183534201674643, -0.234375, 0.1875], [0.0, 0.0, 0.0, 1.0]], "id": 75}, {"pos": [-0.5075146273309165, 0.6184083626901895, 0.0], "lookat": [0.0, 0.0, 0.0], "direction": [0.5075146273309165, -0.6184083626901895, 0.0], "viewMat": [[0.0, 0.7730104533627369, 0.6343932841636455, -0.5075146273309165], [-0.0, 0.6343932841636456, -0.7730104533627369, 0.6184083626901895], [-1.0, 0.0, 0.0, 0.0], [0.0, 0.0, 0.0, 1.0]], "id": 76}, {"pos": [-0.4137703965776881, 0.6585118138013493, -0.1875], "lookat": [0.0, 0.0, 0.0], "direction": [0.4137703965776881, -0.6585118138013493, 0.1875], "viewMat": [[0.41274916833176745, 0.7497525199007969, 0.5172129957221101, -0.4137703965776881], [-0.0, 0.5678388183004394, -0.8231397672516866, 0.6585118138013493], [-0.9108447310279806, 0.3397502543539382, 0.234375, -0.1875], [0.0, 0.0, 0.0, 1.0]], "id": 77}, {"pos": [-0.2752927902579013, 0.6646155878641571, -0.35000000000000003], "lookat": [0.0, 0.0, 0.0], "direction": [0.2752927902579013, -0.6646155878641571, 0.35000000000000003], "viewMat": [[0.785998806505487, 0.5136049679442166, 0.3441159878223766, -0.2752927902579013], [-0.0, 0.556616621270844, -0.8307694848301963, 0.6646155878641571], [-0.6182280130922165, 0.6529838235577127, 0.4375, -0.35000000000000003], [0.0, 0.0, 0.0, 1.0]], "id": 78}, {"pos": [-0.09922727642103209, 0.6264963668003705, -0.48750000000000004], "lookat": [0.0, 0.0, 0.0], "direction": [0.09922727642103209, -0.6264963668003705, 0.48750000000000004], "viewMat": [[0.9799073120604249, 0.15619604001858708, 0.12403409552629006, -0.09922727642103209], [-0.0, 0.6218700406660742, -0.7831204585004629, 0.6264963668003705], [-0.19945340250422633, 0.7673854635087162, 0.6093749999999999, -0.48750000000000004], [0.0, 0.0, 0.0, 1.0]], "id": 79}, {"pos": [-0.09389724409003476, -0.7132203779704394, -0.35000000000000003], "lookat": [0.0, 0.0, 0.0], "direction": [0.09389724409003476, 0.7132203779704394, 0.35000000000000003], "viewMat": [[0.9658464250546556, -0.231007794802697, 0.11737155511254345, -0.09389724409003476], [-0.0, 0.4529705641093435, 0.8915254724630491, -0.7132203779704394], [-0.2591151929338413, -0.8610766904235988, 0.4375, -0.35000000000000003], [0.0, 0.0, 0.0, 1.0]], "id": 80}, {"pos": [-0.2568636450297878, -0.7340741228663569, -0.1875], "lookat": [0.0, 0.0, 0.0], "direction": [0.2568636450297878, 0.7340741228663569, 0.1875], "viewMat": [[0.5895900444257244, -0.7411420228596305, 0.3210795562872347, -0.2568636450297878], [-0.0, 0.39752197686493707, 0.9175926535829461, -0.7340741228663569], [-0.8077026553838191, -0.5410034933906875, 0.234375, -0.1875], [0.0, 0.0, 0.0, 1.0]], "id": 81}, {"pos": [-0.37711738946079826, -0.705537011478684, 0.0], "lookat": [0.0, 0.0, 0.0], "direction": [0.37711738946079826, 0.705537011478684, 0.0], "viewMat": [[-0.0, -0.8819212643483548, 0.4713967368259978, -0.37711738946079826], [-0.0, 0.4713967368259978, 0.8819212643483549, -0.705537011478684], [-1.0, 0.0, 0.0, 0.0], [0.0, 0.0, 0.0, 1.0]], "id": 82}, {"pos": [-0.4137703965776881, -0.6585118138013493, 0.1875], "lookat": [0.0, 0.0, 0.0], "direction": [0.4137703965776881, 0.6585118138013493, -0.1875], "viewMat": [[-0.41274916833176745, -0.7497525199007969, 0.5172129957221101, -0.4137703965776881], [0.0, 0.5678388183004394, 0.8231397672516866, -0.6585118138013493], [-0.9108447310279806, 0.3397502543539382, -0.234375, 0.1875], [0.0, 0.0, 0.0, 1.0]], "id": 83}, {"pos": [-0.43792758771253815, -0.5707183437741223, 0.35000000000000003], "lookat": [0.0, 0.0, 0.0], "direction": [0.43792758771253815, 0.5707183437741223, -0.35000000000000003], "viewMat": [[-0.6243229169818263, -0.5572824700784486, 0.5474094846406726, -0.43792758771253815], [0.0, 0.70075915539832, 0.7133979297176529, -0.5707183437741223], [-0.7811663685357325, 0.4453906764501209, -0.4375, 0.35000000000000003], [0.0, 0.0, 0.0, 1.0]], "id": 84}, {"pos": [-0.4485218779502289, -0.4485218779502289, 0.48750000000000004], "lookat": [0.0, 0.0, 0.0], "direction": [0.4485218779502289, 0.4485218779502289, -0.48750000000000004], "viewMat": [[-0.7359145556520678, -0.3796033615392777, 0.5606523474377861, -0.4485218779502289], [0.0, 0.8280512938897565, 0.5606523474377861, -0.4485218779502289], [-0.6770744174604588, 0.412592223139967, -0.609375, 0.48750000000000004], [0.0, 0.0, 0.0, 1.0]], "id": 85}, {"pos": [-0.4399723633719652, -0.29398013448001453, 0.6000000000000001], "lookat": [0.0, 0.0, 0.0], "direction": [0.4399723633719652, 0.29398013448001453, -0.6000000000000001], "viewMat": [[-0.8064227089945882, -0.2173025853227849, 0.5499654542149565, -0.4399723633719652], [0.0, 0.9300333331821303, 0.3674751681000181, -0.29398013448001453], [-0.5913395085886192, 0.2963403205474583, -0.7500000000000001, 0.6000000000000001], [0.0, 0.0, 0.0, 1.0]], "id": 86}, {"pos": [-0.3951377536154652, -0.10587684198031184, 0.6875], "lookat": [0.0, 0.0, 0.0], "direction": [0.3951377536154652, 0.10587684198031184, -0.6875], "viewMat": [[-0.8670015158641072, -0.06594876587290192, 0.4939221920193315, -0.3951377536154652], [0.0, 0.9912035726298517, 0.1323460524753898, -0.10587684198031184], [-0.4983055001596312, 0.11474422811479365, -0.859375, 0.6875], [0.0, 0.0, 0.0, 1.0]], "id": 87}, {"pos": [-0.3951377536154652, 0.10587684198031184, 0.6875], "lookat": [0.0, 0.0, 0.0], "direction": [0.3951377536154652, -0.10587684198031184, -0.6875], "viewMat": [[-0.8670015158641072, 0.06594876587290192, 0.4939221920193315, -0.3951377536154652], [0.0, 0.9912035726298517, -0.1323460524753898, 0.10587684198031184], [-0.4983055001596312, -0.11474422811479365, -0.859375, 0.6875], [0.0, 0.0, 0.0, 1.0]], "id": 88}, {"pos": [-0.4399723633719652, 0.29398013448001453, 0.6000000000000001], "lookat": [0.0, 0.0, 0.0], "direction": [0.4399723633719652, -0.29398013448001453, -0.6000000000000001], "viewMat": [[-0.8064227089945882, 0.2173025853227849, 0.5499654542149565, -0.4399723633719652], [0.0, 0.9300333331821303, -0.3674751681000181, 0.29398013448001453], [-0.5913395085886192, -0.2963403205474583, -0.7500000000000001, 0.6000000000000001], [0.0, 0.0, 0.0, 1.0]], "id": 89}, {"pos": [-0.4485218779502289, 0.4485218779502289, 0.48750000000000004], "lookat": [0.0, 0.0, 0.0], "direction": [0.4485218779502289, -0.4485218779502289, -0.48750000000000004], "viewMat": [[-0.7359145556520678, 0.3796033615392777, 0.5606523474377861, -0.4485218779502289], [0.0, 0.8280512938897565, -0.5606523474377861, 0.4485218779502289], [-0.6770744174604588, -0.412592223139967, -0.609375, 0.48750000000000004], [0.0, 0.0, 0.0, 1.0]], "id": 90}, {"pos": [-0.43792758771253815, 0.5707183437741223, 0.35000000000000003], "lookat": [0.0, 0.0, 0.0], "direction": [0.43792758771253815, -0.5707183437741223, -0.35000000000000003], "viewMat": [[-0.6243229169818263, 0.5572824700784486, 0.5474094846406726, -0.43792758771253815], [0.0, 0.70075915539832, -0.7133979297176529, 0.5707183437741223], [-0.7811663685357325, -0.4453906764501209, -0.4375, 0.35000000000000003], [0.0, 0.0, 0.0, 1.0]], "id": 91}, {"pos": [-0.4137703965776881, 0.6585118138013493, 0.1875], "lookat": [0.0, 0.0, 0.0], "direction": [0.4137703965776881, -0.6585118138013493, -0.1875], "viewMat": [[-0.41274916833176745, 0.7497525199007969, 0.5172129957221101, -0.4137703965776881], [0.0, 0.5678388183004394, -0.8231397672516866, 0.6585118138013493], [-0.9108447310279806, -0.3397502543539382, -0.234375, 0.1875], [0.0, 0.0, 0.0, 1.0]], "id": 92}, {"pos": [-0.37711738946079826, 0.70553