[{"pos": [6.777, 13.413, -10.235], "lookat": [-0.139, 12.418, -0.249], "viewMat": [[0.8220914137006197, -0.04648181087387351, -0.5674549751104506, 6.777], [-0.0, 0.9966619374587282, -0.08163934358515022, 13.413], [0.5693555194425682, 0.06711500338150675, 0.8193472211470444, -10.235], [0.0, 0.0, 0.0, 1.0]], "id": 0, "envRot": 197}, {"pos": [-14.241, 18.935, 1.918], "lookat": [0.008, 12.28, -0.038], "viewMat": [[-0.1359974159104198, 0.4160337452435778, 0.8991221416939359, -14.241], [0.0, 0.9075540522564838, -0.41993528338642316, 18.935], [-0.9907091918750366, -0.05711011339016339, -0.1234250059059119, 1.918], [0.0, 0.0, 0.0, 1.0]], "id": 1, "envRot": 215}, {"pos": [11.912, 7.115, -7.775], "lookat": [0.247, 12.297, -0.054], "viewMat": [[0.5519422011780438, 0.28966695170155016, -0.7819545150778704, 11.912], [-0.0, 0.9377276021846926, 0.3473714785369502, 7.115], [0.8338823697373244, -0.19172897849015594, 0.5175714368552282, -7.775], [0.0, 0.0, 0.0, 1.0]], "id": 2, "envRot": 20}, {"pos": [-2.365, 24.428, 0.227], "lookat": [0.072, 12.659, 0.088], "viewMat": [[-0.05694478815504325, 0.9775724814705675, 0.20275437004773558, -2.365], [0.0, 0.20308390841233298, -0.9791613381583093, 24.428], [-0.9983773290204346, -0.0557581349710336, -0.011564570142238509, 0.227], [0.0, 0.0, 0.0, 1.0]], "id": 3, "envRot": 132}, {"pos": [-0.859, 12.281, 12.894], "lookat": [-0.286, 12.543, -0.253], "viewMat": [[-0.9990515646556877, -0.000866746981012304, 0.04353412349747285, -0.859], [0.0, 0.9998018628189032, 0.01990565507214281, 12.281], [-0.043542750935400394, 0.019886775845320698, -0.9988536153948964, 12.894], [0.0, 0.0, 0.0, 1.0]], "id": 4, "envRot": 261}, {"pos": [12.789, 21.188, -0.1], "lookat": [-0.148, 12.306, 0.03], "viewMat": [[0.010048190232363384, -0.5659533374588792, -0.8243760390090256, 12.789], [-0.0, 0.8244176591886261, -0.5659819106808507, 21.188], [0.9999495156621929, 0.005687093906597689, 0.008283905470447038, -0.1], [0.0, 0.0, 0.0, 1.0]], "id": 5, "envRot": 248}, {"pos": [1.022, 7.557, 13.99], "lookat": [-0.026, 12.159, -0.3], "viewMat": [[-0.9973215685325203, 0.022366353091313667, -0.06963788616283555, 1.022], [-0.0, 0.9520972582364471, 0.3057953741616118, 7.557], [0.07314156779720653, 0.30497632220884763, -0.9495471309798854, 13.99], [0.0, 0.0, 0.0, 1.0]], "id": 6, "envRot": 207}, {"pos": [9.783, 19.12, 7.799], "lookat": [0.034, 12.6, -0.168], "viewMat": [[-0.6327878641176031, -0.35607734702508803, -0.6875961328869272, 9.783], [-0.0, 0.8879939988809624, -0.45985504015004275, 19.12], [0.7743252023700906, -0.2909906886602602, -0.5619118259011334, 7.799], [0.0, 0.0, 0.0, 1.0]], "id": 7, "envRot": 155}, {"pos": [-8.798, 21.06, -5.596], "lookat": [-0.064, 12.456, -0.318], "viewMat": [[0.5172023813230974, 0.5516820117481483, 0.6543306921329866, -8.798], [-0.0, 0.7645272584344527, -0.6445913985702102, 21.06], [-0.8558631296847161, 0.3333842063208985, 0.39541531864871804, -5.596], [0.0, 0.0, 0.0, 1.0]], "id": 8, "envRot": 244}, {"pos": [-9.166, 15.903, -8.052], "lookat": [-0.241, 12.565, 0.034], "viewMat": [[0.671415413757784, 0.19794186563741362, 0.7141570975607845, -9.166], [-0.0, 0.9636691625661554, -0.26709875536783184, 15.903], [-0.7410811980940171, 0.17933422134948196, 0.6470223295099724, -8.052], [0.0, 0.0, 0.0, 1.0]], "id": 9, "envRot": 183}, {"pos": [10.174, 9.287, -7.759], "lookat": [-0.06, 12.534, -0.326], "viewMat": [[0.5876591799455118, 0.2011834233549812, -0.7836975937138885, 10.174], [-0.0, 0.9685938533831004, 0.24864823986603438, 9.287], [0.8091085762898381, -0.14612042073456866, 0.5692030695793759, -7.759], [0.0, 0.0, 0.0, 1.0]], "id": 10, "envRot": 298}, {"pos": [11.678, 18.878, -9.241], "lookat": [0.053, 12.381, -0.096], "viewMat": [[0.6182842572782806, -0.31608543286612584, -0.719593340944508, 11.678], [-0.0, 0.9155660818023416, -0.40216756439711554, 18.878], [0.7859545643367973, 0.24865387385468565, 0.5660800948763463, -9.241], [0.0, 0.0, 0.0, 1.0]], "id": 11, "envRot": 111}, {"pos": [0.594, 25.829, -2.301], "lookat": [-0.003, 12.489, 0.015], "viewMat": [[0.9683458167604672, -0.24569484217422802, -0.044050240538333015, 0.594], [-0.0, 0.17647452735563887, -0.9843052073389654, 25.829], [0.24961245794732245, 0.9531478299422315, 0.17088837032961351, -2.301], [0.0, 0.0, 0.0, 1.0]], "id": 12, "envRot": 258}, {"pos": [4.656, 25.99, 4.021], "lookat": [-0.095, 12.6, -0.432], "viewMat": [[-0.6838542810585958, -0.6561455510803196, -0.3190867250064389, 4.656], [-0.0, 0.4373335860257926, -0.8992993575744511, 25.99], [0.7296186142621577, -0.6149897156305334, -0.29907244505444597, 4.021], [0.0, 0.0, 0.0, 1.0]], "id": 13, "envRot": 71}, {"pos": [13.723, 19.209, 3.815], "lookat": [0.026, 12.519, -0.476], "viewMat": [[-0.2989532689563987, -0.40313719465378856, -0.8649319888100778, 13.723], [-0.0, 0.9063829169251589, -0.42245710777100237, 19.209], [0.9542677522479125, -0.12629493336200676, -0.2709661359410122, 3.815], [0.0, 0.0, 0.0, 1.0]], "id": 14, "envRot": 144}, {"pos": [-7.262, 20.88, -3.95], "lookat": [0.294, 12.133, -0.479], "viewMat": [[0.4174330755217803, 0.6586073987720886, 0.6260877907634764, -7.262], [-0.0, 0.6889870221333817, -0.7247736773171161, 20.88], [-0.9087076688685023, 0.30254450517971415, 0.2876059716437304, -3.95], [0.0, 0.0, 0.0, 1.0]], "id": 15, "envRot": 71}, {"pos": [4.298, 26.152, 4.042], "lookat": [0.268, 12.125, -0.236], "viewMat": [[-0.7278902190114672, -0.6324237202599217, -0.2649831449734846, 4.298], [-0.0, 0.3864453631906056, -0.9223123013754512, 26.152], [0.68569368457602, -0.6713421030451475, -0.2812898000487759, 4.042], [0.0, 0.0, 0.0, 1.0]], "id": 16, "envRot": 48}, {"pos": [2.03, 15.853, 10.728], "lookat": [-0.186, 12.413, -0.468], "viewMat": [[-0.980969638206482, -0.05603146500456768, -0.18590062895667048, 2.03], [-0.0, 0.9574551225266392, -0.28858220379555344, 15.853], [0.19416119312839977, -0.28309038005015336, -0.9392344051439002, 10.728], [0.0, 0.0, 0.0, 1.0]], "id": 17, "envRot": 316}, {"pos": [2.939, 23.453, 8.715], "lookat": [0.208, 12.662, -0.39], "viewMat": [[-0.9578407609905705, -0.21558382315124625, -0.1899070609021604, 2.939], [-0.0, 0.6610069836761387, -0.75037974888144, 23.453], [0.28729962858487074, -0.7187443097005117, -0.6331394322644345, 8.715], [0.0, 0.0, 0.0, 1.0]], "id": 18, "envRot": 128}, {"pos": [13.916, 16.103, 5.119], "lookat": [-0.089, 12.261, -0.134], "viewMat": [[-0.3511893799079782, -0.2329350325126151, -0.9068667432805091, 13.916], [-0.0, 0.9685596871491479, -0.24878129437227545, 16.103], [0.9363044480508729, -0.0873693485033036, -0.34014787593377466, 5.119], [0.0, 0.0, 0.0, 1.0]], "id": 19, "envRot": 272}, {"pos": [-9.406, 21.609, 1.504], "lookat": [0.011, 12.298, -0.278], "viewMat": [[-0.18593250593586597, 0.6846623237351, 0.7047457738036194, -9.406], [0.0, 0.7172528570558561, -0.6968129871387386, 21.609], [-0.982562518741891, -0.12956018486736207, -0.13336062110205477, 1.504], [0.0, 0.0, 0.0, 1.0]], "id": 20, "envRot": 308}, {"pos": [-0.325, 26.968, -0.324], "lookat": [-0.093, 12.138, -0.323], "viewMat": [[0.00431030478703955, 0.9998683650934945, 0.01564205094945379, -0.325], [-0.0, 0.015642196256178454, -0.999877653363792, 26.968], [-0.9999907105931748, 0.004309777435747825, 6.742263340281813e-05, -0.324], [0.0, 0.0, 0.0, 1.0]], "id": 21, "envRot": 75}, {"pos": [-3.747, 22.286, 4.824], "lookat": [0.274, 12.491, -0.119], "viewMat": [[-0.7757442317770971, 0.528969462174264, 0.34411073065458364, -3.747], [0.0, 0.5453008794859704, -0.8382403896447768, 22.286], [-0.6310474521496474, -0.6502601471095218, -0.42301401184421955, 4.824], [0.0, 0.0, 0.0, 1.0]], "id": 22, "envRot": 158}, {"pos": [-7.405, 15.013, 4.227], "lookat": [-0.179, 12.312, -0.348], "viewMat": [[-0.5349296803535795, 0.25444219441002563, 0.8056732630419282, -7.405], [0.0, 0.95357618745933, -0.30115187980573604, 15.013], [-0.8448965836579158, -0.16109507880236193, -0.5100962051504043, 4.227], [0.0, 0.0, 0.0, 1.0]], "id": 23, "envRot": 50}, {"pos": [7.716, 17.734, -7.861], "lookat": [-0.053, 12.532, -0.241], "viewMat": [[0.7002275823064196, -0.30790322450703267, -0.6441094140869843, 7.716], [-0.0, 0.9022154974727323, -0.43128551577815594, 17.734], [0.7139196964486316, 0.30199801399711534, 0.6317561765147149, -7.861], [0.0, 0.0, 0.0, 1.0]], "id": 24, "envRot": 37}, {"pos": [-4.667, 21.303, 1.479], "lookat": [0.022, 12.403, -0.155], "viewMat": [[-0.3290673389264444, 0.824640855932218, 0.46008927957435325, -4.667], [0.0, 0.48722453999976595, -0.8732767302648207, 21.303], [-0.9443064579107084, -0.28736684977463095, -0.16032968283738394, 1.479], [0.0, 0.0, 0.0, 1.0]], "id": 25, "envRot": 350}, {"pos": [-7.18, 22.638, 0.053], "lookat": [0.191, 12.636, -0.004], "viewMat": [[-0.0077327765287325285, 0.8049808133585705, 0.5932504482018796, -7.18], [0.0, 0.5932681859496834, -0.805004881687044, 22.638], [-0.9999701016366223, -0.00622492285462468, -0.004587610303555438, 0.053], [0.0, 0.0, 0.0, 1.0]], "id": 26, "envRot": 169}, {"pos": [-1.574, 26.659, -1.94], "lookat": [0.298, 12.352, -0.085], "viewMat": [[0.7038741262004482, 0.6985718601491022, 0.12868010985921127, -1.574], [-0.0, 0.18115673774486385, -0.9834542370490039, 26.659], [-0.7103247246615845, 0.692227991760996, 0.1275115404854898, -1.94], [0.0, 0.0, 0.0, 1.0]], "id": 27, "envRot": 241}, {"pos": [-0.009, 27.581, -0.261], "lookat": [0.022, 12.17, -0.421], "viewMat": [[-0.98174290591568, 0.1902020525718377, 0.002011437718692638, -0.009], [0.0, 0.010574676903093055, -0.9999440865410402, 27.581], [-0.19021268802116303, -0.9816880132740009, -0.010381614031962002, -0.261], [0.0, 0.0, 0.0, 1.0]], "id": 28, "envRot": 286}, {"pos": [-1.71, 9.062, 8.805], "lookat": [0.218, 12.349, -0.443], "viewMat": [[-0.9789522292112313, -0.06706844748309915, 0.19275465305555628, -1.71], [0.0, 0.9444612899455859, 0.32862268910457143, 9.062], [-0.20408952183382936, 0.32170591406830956, -0.9245824851959463, 8.805], [0.0, 0.0, 0.0, 1.0]], "id": 29, "envRot": 51}, {"pos": [2.616, 11.209, -9.771], "lookat": [0.018, 12.501, -0.284], "viewMat": [[0.9644888027486974, 0.034397254150043174, -0.2618743559024475, 2.616], [-0.0, 0.9914836021166662, 0.13023158884756048, 11.209], [0.26412373875209405, -0.12560690920764417, 0.9562748323504694, -9.771], [0.0, 0.0, 0.0, 1.0]], "id": 30, "envRot": 181}, {"pos": [1.123, 26.473, -0.061], "lookat": [0.04, 12.679, 0.071], "viewMat": [[0.12098829116851562, -0.9895635194484037, -0.07826796520295709, 1.123], [-0.0, 0.0788471817758218, -0.9968867146902954, 26.473], [0.9926539343598667, 0.12061162009897441, 0.009539585786510006, -0.061], [0.0, 0.0, 0.0, 1.0]], "id": 31, "envRot": 222}, {"pos": [-0.069, 15.09, -13.847], "lookat": [0.133, 12.652, -0.108], "viewMat": [[0.9998919332495405, 0.0025683257815914003, 0.01447499655184693, -0.069], [-0.0, 0.9846211455295367, -0.17470317620496445, 15.09], [-0.014701082357988735, 0.17468429660041707, 0.9845147407219056, -13.847], [0.0, 0.0, 0.0, 1.0]], "id": 32, "envRot": 161}, {"pos": [2.175, 16.091, 7.805], "lookat": [-0.204, 12.311, -0.018], "viewMat": [[-0.9567390257624312, -0.12208693097935437, -0.264093199206637, 2.175], [-0.0, 0.9077005873417003, -0.41961845018961247, 16.091], [0.2909474807987759, -0.4014653472263511, -0.8684325756172849, 7.805], [0.0, 0.0, 0.0, 1.0]], "id": 33, "envRot": 312}, {"pos": [-0.595, 22.606, -0.76], "lookat": [0.295, 12.285, -0.255], "viewMat": [[0.4935056326713339, 0.8654990610505837, 0.08581122212289205, -0.595], [-0.0, 0.09866277920358649, -0.9951209253150215, 22.606], [-0.8697426001534398, 0.49109778183207287, 0.04869063727197808, -0.76], [0.0, 0.0, 0.0, 1.0]], "id": 34, "envRot": 327}, {"pos": [-4.2, 20.755, 0.391], "lookat": [-0.187, 12.425, -0.449], "viewMat": [[-0.20487945649366573, 0.8781789210006808, 0.4322339540306155, -4.2], [0.0, 0.44160155373459714, -0.8972112726327003, 20.755], [-0.9787872129870006, -0.18382015789697784, -0.09047508631590258, 0.391], [0.0, 0.0, 0.0, 1.0]], "id": 35, "envRot": 104}, {"pos": [-2.632, 27.926, 1.374], "lookat": [-0.01, 12.615, 0.094], "viewMat": [[-0.4386937113672455, 0.88275089190237, 0.16822214614135095, -2.632], [0.0, 0.18719706820062357, -0.9823223796987886, 27.926], [-0.898636649378842, -0.43093865050916613, -0.08212217660599892, 1.374], [0.0, 0.0, 0.0, 1.0]], "id": 36, "envRot": 282}, {"pos": [-2.601, 19.95, -8.145], "lookat": [0.146, 12.647, 0.06], "viewMat": [[0.9482664185509609, 0.20476918951560907, 0.2426115794302783, -2.601], [-0.0, 0.7641895246587488, -0.6449917599487885, 19.95], [-0.31747566749049233, 0.611624026201519, 0.7246552636423129, -8.145], [0.0, 0.0, 0.0, 1.0]], "id": 37, "envRot": 244}, {"pos": [8.913, 15.364, -1.628], "lookat": [-0.244, 12.561, -0.455], "viewMat": [[0.12706047851418936, -0.2881726084794533, -0.9491112592957124, 8.913], [-0.0, 0.9568666909456706, -0.2905273408109515, 15.364], [0.9918949716576574, 0.03691454294489447, 0.12157993962584586, -1.628], [0.0, 0.0, 0.0, 1.0]], "id": 38, "envRot": 226}, {"pos": [-9.692, 20.473, -1.355], "lookat": [0.056, 12.518, -0.238], "viewMat": [[0.11384264992049083, 0.6256835597516971, 0.7717252970555812, -9.692], [-0.0, 0.7767752741529363, -0.6297778762902285, 20.473], [-0.9934987926812395, 0.07169558229817867, 0.08843015560228604, -1.355], [0.0, 0.0, 0.0, 1.0]], "id": 39, "envRot": 266}, {"pos": [-0.832, 12.961, 12.001], "lookat": [-0.079, 12.149, 0.026], "viewMat": [[-0.998028833390686, 0.004237345884824378, 0.06261383729399023, -0.832], [0.0, 0.9977179320121834, -0.06751983516961504, 12.961], [-0.06275705315600724, -0.06738674232506232, -0.9957512637390875, 12.001], [0.0, 0.0, 0.0, 1.0]], "id": 40, "envRot": 133}, {"pos": [-9.158, 14.778, 2.683], "lookat": [-0.056, 12.235, -0.467], "viewMat": [[-0.32704637587986574, 0.24123920786228734, 0.9136981518060665, -9.158], [0.0, 0.9668678693603645, -0.25527734564302657, 14.778], [-0.9450082899233454, -0.08348753073678367, -0.3162106326289947, 2.683], [0.0, 0.0, 0.0, 1.0]], "id": 41, "envRot": 31}, {"pos": [2.724, 23.363, 3.376], "lookat": [0.033, 12.202, 0.101], "viewMat": [[-0.7726311959140159, -0.5934948294655773, -0.2253994731540047, 2.724], [-0.0, 0.35504080030029556, -0.9348508063440528, 23.363], [0.6348551292227839, -0.7222948965067876, -0.27431559813428663, 3.376], [0.0, 0.0, 0.0, 1.0]], "id": 42, "envRot": 280}, {"pos": [-12.574, 16.051, 8.253], "lookat": [0.003, 12.661, -0.298], "viewMat": [[-0.562248871565899, 0.1799163763057378, 0.8071594043061665, -12.574], [0.0, 0.9760466252415295, -0.217561451904103, 16.051], [-0.8269680806553984, -0.12232368082932052, -0.5487811136377538, 8.253], [0.0, 0.0, 0.0, 1.0]], "id": 43, "envRot": 7}, {"pos": [-2.519, 24.931, -4.788], "lookat": [-0.163, 12.315, 0.086], "viewMat": [[0.9003320647771178, 0.39993827170876156, 0.17161454471221474, -2.519], [-0.0, 0.39433162973982594, -0.9189682071686337, 24.931], [-0.4352035996337484, 0.8273765434246619, 0.35502941041058345, -4.788], [0.0, 0.0, 0.0, 1.0]], "id": 44, "envRot": 47}, {"pos": [3.066, 22.877, 0.502], "lookat": [0.176, 12.616, -0.142], "viewMat": [[-0.21750258665944922, -0.9377973617681374, -0.2706080801771632, 3.066], [-0.0, 0.2772454060391913, -0.9607991386497825, 22.877], [0.9760597444810686, -0.2089762979164985, -0.060301592952973396, 0.502], [0.0, 0.0, 0.0, 1.0]], "id": 45, "envRot": 204}, {"pos": [2.353, 27.714, 0.848], "lookat": [-0.271, 12.246, -0.467], "viewMat": [[-0.4480311079720825, -0.8783452387787223, -0.16666663674550292, 2.353], [-0.0, 0.1864242585678562, -0.9824693358153348, 27.714], [0.8940179675427716, -0.44017682507394046, -0.0835238671190306, 0.848], [0.0, 0.0, 0.0, 1.0]], "id": 46, "envRot": 342}, {"pos": [-1.517, 22.028, 2.553], "lookat": [0.099, 12.692, -0.189], "viewMat": [[-0.861513920107232, 0.48057469823908494, 0.1638344434906237, -1.517], [0.0, 0.3226777390416672, -0.9465088888789992, 22.028], [-0.5077339514563409, -0.815430583274487, -0.2779913638931251, 2.553], [0.0, 0.0, 0.0, 1.0]], "id": 47, "envRot": 320}, {"pos": [-13.061, 15.962, -6.734], "lookat": [0.16, 12.705, -0.044], "viewMat": [[0.451500739894493, 0.19155806474033624, 0.8714657708181444, -13.061], [-0.0, 0.9766831155001554, -0.21468603097758837, 15.962], [-0.8922707447152604, 0.0969309018313932, 0.44097314929077874, -6.734], [0.0, 0.0, 0.0, 1.0]], "id": 48, "envRot": 0}, {"pos": [-13.669, 18.263, -3.286], "lookat": [-0.005, 12.585, -0.259], "viewMat": [[0.21628733640820533, 0.3670475354327409, 0.9047076294815881, -13.669], [-0.0, 0.9266414610248734, -0.37594627636098205, 18.263], [-0.9763297537765833, 0.08131241874669985, 0.2004208134104777, -3.286], [0.0, 0.0, 0.0, 1.0]], "id": 49, "envRot": 313}, {"pos": [2.578, 14.906, -8.45], "lookat": [-0.185, 12.415, -0.339], "viewMat": [[0.9465854987850513, -0.09001363997383574, -0.309634361963456, 2.578], [-0.0, 0.9602466935026972, -0.27915280334816117, 14.906], [0.32245293220849425, 0.26424199559456446, 0.9089555953259468, -8.45], [0.0, 0.0, 0.0, 1.0]], "id": 50, "envRot": 252}, {"pos": [6.332, 22.402, -2.562], "lookat": [0.191, 12.148, -0.107], "viewMat": [[0.37120818043398845, -0.7803245691496364, -0.5032872475637763, 6.332], [-0.0, 0.5420143527742743, -0.840369229200287, 22.402], [0.9285496684501522, 0.3119519324641519, 0.2012001616624443, -2.562], [0.0, 0.0, 0.0, 1.0]], "id": 51, "envRot": 170}, {"pos": [0.491, 21.625, -1.076], "lookat": [-0.044, 12.406, 0.026], "viewMat": [[0.8995906377808737, -0.43292882194579285, -0.057526685508806984, 0.491], [-0.0, 0.13172015639129941, -0.9912869415059655, 21.625], [0.43673411180831884, 0.8917524519332032, 0.11849421949664542, -1.076], [0.0, 0.0, 0.0, 1.0]], "id": 52, "envRot": 124}, {"pos": [6.557, 8.08, 8.991], "lookat": [0.073, 12.343, -0.464], "viewMat": [[-0.824705604255089, 0.19711146420349568, -0.5301016289258151, 6.557], [-0.0, 0.9373002221373989, 0.3485230172903686, 8.08], [0.5655622567942884, 0.2874288855712603, -0.7729967460662527, 8.991], [0.0, 0.0, 0.0, 1.0]], "id": 53, "envRot": 166}, {"pos": [12.591, 17.227, 2.412], "lookat": [-0.231, 12.44, -0.284], "viewMat": [[-0.20576430042746696, -0.33582413558524654, -0.919175283951879, 12.591], [-0.0, 0.9392742691179577, -0.343167375158138, 17.227], [0.978601580148732, -0.07061159487894436, -0.19326911289457693, 2.412], [0.0, 0.0, 0.0, 1.0]], "id": 54, "envRot": 32}, {"pos": [-13.373, 10.254, 0.623], "lookat": [-0.014, 12.49, -0.289], "viewMat": [[-0.06811005064564365, -0.164325944664802, 0.9840518303987186, -13.373], [0.0, 0.9863423004560055, 0.16470842823351564, 10.254], [-0.9976778142271422, 0.011218299388749114, -0.0671798240379992, 0.623], [0.0, 0.0, 0.0, 1.0]], "id": 55, "envRot": 97}, {"pos": [-7.161, 12.634, -7.096], "lookat": [0.253, 12.59, 0.058], "viewMat": [[0.6943762282997157, 0.0030732162090314585, 0.7196055926091692, -7.161], [-0.0, 0.9999908807056492, -0.004270656335959509, 12.634], [-0.7196121549642287, 0.0029654422389278467, 0.6943698960784997, -7.096], [0.0, 0.0, 0.0, 1.0]], "id": 56, "envRot": 290}, {"pos": [4.692, 20.216, -11.976], "lookat": [-0.181, 12.58, -0.225], "viewMat": [[0.9237244756347991, -0.1971423174239919, -0.32843264118219667, 4.692], [-0.0, 0.8573976257780717, -0.5146545553185418, 20.216], [0.3830575584859481, 0.47539900924468065, 0.7919991722823708, -11.976], [0.0, 0.0, 0.0, 1.0]], "id": 57, "envRot": 113}, {"pos": [0.344, 21.644, -1.525], "lookat": [0.266, 12.403, 0.049], "viewMat": [[0.9987743943011957, -0.048790144867914394, -0.008320519938540636, 0.344], [-0.0, 0.16810986183113372, -0.9857682660519749, 21.644], [0.049494537964099895, 0.984560102847401, 0.1679038254264483, -1.525], [0.0, 0.0, 0.0, 1.0]], "id": 58, "envRot": 122}, {"pos": [-3.587, 21.253, -1.932], "lookat": [0.197, 12.644, -0.024], "viewMat": [[0.4502314662912598, 0.8011111966246091, 0.3943507035671537, -3.587], [-0.0, 0.4416457122752994, -0.8971895367361591, 21.253], [-0.8929118807369639, 0.4039429606658969, 0.1988427966189559, -1.932], [0.0, 0.0, 0.0, 1.0]], "id": 59, "envRot": 72}, {"pos": [-0.912, 24.304, 2.341], "lookat": [0.045, 12.665, 0.07], "viewMat": [[-0.9215207624903065, 0.3799063892142963, 0.08044016244041188, -0.912], [0.0, 0.20714431119379959, -0.9783103977470782, 24.304], [-0.388329092779931, -0.9015333436840824, -0.1908877835968395, 2.341], [0.0, 0.0, 0.0, 1.0]], "id": 60, "envRot": 278}, {"pos": [1.37, 13.599, -9.243], "lookat": [-0.027, 12.523, -0.474], "viewMat": [[0.9875465265320785, -0.018925976556661207, -0.15618471546794635, 1.37], [-0.0, 0.9927379606483947, -0.12029688893594155, 13.599], [0.15732723201793974, 0.11879877482130428, 0.9803749247948614, -9.243], [0.0, 0.0, 0.0, 1.0]], "id": 61, "envRot": 229}, {"pos": [-0.246, 21.825, -1.634], "lookat": [-0.079, 12.128, -0.283], "viewMat": [[0.9924464733316233, 0.12148719448537859, 0.01705459315537621, -0.246], [-0.0, 0.13901867620574687, -0.9902897594472043, 21.825], [-0.12267843156652929, 0.9828095793397994, 0.13796859492762434, -1.634], [0.0, 0.0, 0.0, 1.0]], "id": 62, "envRot": 46}, {"pos": [0.916, 27.961, -2.158], "lookat": [-0.17, 12.234, -0.088], "viewMat": [[0.8855299146897246, -0.45953399226270036, -0.06830285605092641, 0.916], [-0.0, 0.14701990815580812, -0.9891335332531487, 27.961], [0.46458236104011646, 0.8759073333184065, 0.1301905267269039, -2.158], [0.0, 0.0, 0.0, 1.0]], "id": 63, "envRot": 41}, {"pos": [6.089, 19.287, 0.083], "lookat": [0.068, 12.626, -0.38], "viewMat": [[-0.07667117233882978, -0.738681952949966, -0.6696794036837429, 6.089], [-0.0, 0.6716564692508651, -0.7408627317617357, 19.287], [0.9970564333738534, -0.05680281418632025, -0.05149668890642301, 0.083], [0.0, 0.0, 0.0, 1.0]], "id": 64, "envRot": 163}, {"pos": [3.979, 28.132, -1.234], "lookat": [-0.077, 12.395, -0.316], "viewMat": [[0.22074796657742207, -0.9429624409923938, -0.24918300529851495, 3.979], [-0.0, 0.2554856091697351, -0.9668128585756238, 28.132], [0.9753308850087408, 0.21342197259147372, 0.056397928714012995, -1.234], [0.0, 0.0, 0.0, 1.0]], "id": 65, "envRot": 260}, {"pos": [-3.815, 27.796, -4.576], "lookat": [-0.233, 12.459, -0.398], "viewMat": [[0.7591796380078111, 0.6126348415854143, 0.21982908840720622, -3.815], [-0.0, 0.33774074867595427, -0.9412391761310224, 27.796], [-0.6508811544624172, 0.7145696170139199, 0.25640589932029806, -4.576], [0.0, 0.0, 0.0, 1.0]], "id": 66, "envRot": 250}, {"pos": [2.113, 21.216, -6.118], "lookat": [0.158, 12.285, -0.24], "viewMat": [[0.9488929497821462, -0.2593247481963627, -0.1798689657129052, 2.113], [-0.0, 0.5699304193180362, -0.8216929579447347, 21.216], [0.31559811446480024, 0.7796986546793964, 0.5408029567572669, -6.118], [0.0, 0.0, 0.0, 1.0]], "id": 67, "envRot": 55}, {"pos": [1.449, 21.848, -0.004], "lookat": [-0.042, 12.441, -0.047], "viewMat": [[-0.028827718968924866, -0.9872503114249231, -0.15654323751104993, 1.449], [-0.0, 0.15660832472234312, -0.9876607882404066, 21.848], [0.9995843949457438, -0.028472007640021252, -0.004514660773289836, -0.004], [0.0, 0.0, 0.0, 1.0]], "id": 68, "envRot": 154}, {"pos": [-1.324, 24.577, -1.738], "lookat": [-0.073, 12.68, -0.457], "viewMat": [[0.7154346078837375, 0.6908988095413588, 0.10398152151500702, -1.324], [-0.0, 0.14882573754292916, -0.9888634384204945, 24.577], [-0.6986796990340014, 0.7074671263169309, 0.10647508318203355, -1.738], [0.0, 0.0, 0.0, 1.0]], "id": 69, "envRot": 282}, {"pos": [-0.842, 20.922, -6.334], "lookat": [-0.119, 12.393, 0.078], "viewMat": [[0.9937028762858708, 0.08935601712595552, 0.06760248415978025, -0.842], [-0.0, 0.6033388963976267, -0.7974849064989844, 20.922], [-0.11204728314951413, 0.7924630453826096, 0.5995395967254646, -6.334], [0.0, 0.0, 0.0, 1.0]], "id": 70, "envRot": 149}, {"pos": [-13.638, 15.67, -5.414], "lookat": [-0.027, 12.35, -0.031], "viewMat": [[0.36777156188123716, 0.20570335492465996, 0.9068793789937968, -13.638], [-0.0, 0.9752270267464613, -0.22120634327084018, 15.67], [-0.9299161673352255, 0.081353402362754, 0.35866076681534115, -5.414], [0.0, 0.0, 0.0, 1.0]], "id": 71, "envRot": 63}, {"pos": [-9.289, 9.733, 2.607], "lookat": [-0.017, 12.493, -0.202], "viewMat": [[-0.2899415047376912, -0.2622135109299525, 0.9204227281614851, -9.289], [0.0, 0.9617346469801525, 0.2739826067434964, 9.733], [-0.9570443687888475, 0.07943892927116443, -0.27884679070379764, 2.607], [0.0, 0.0, 0.0, 1.0]], "id": 72, "envRot": 280}, {"pos": [-2.669, 15.567, -8.25], "lookat": [-0.115, 12.572, -0.115], "viewMat": [[0.9540847272419202, 0.09926878999681592, 0.28260934269107024, -2.669], [-0.0, 0.9434876841797019, -0.331407588629505, 15.567], [-0.29953686458215906, 0.31619091880348377, 0.9001671898167017, -8.25], [0.0, 0.0, 0.0, 1.0]], "id": 73, "envRot": 170}, {"pos": [-3.047, 20.881, -11.025], "lookat": [0.162, 12.25, -0.035], "viewMat": [[0.9599158264636024, 0.16872691815642793, 0.22381428281978136, -3.047], [-0.0, 0.7985141584693779, -0.6019760283632075, 20.881], [-0.2802884337690355, 0.5778463167775453, 0.7665063783700209, -11.025], [0.0, 0.0, 0.0, 1.0]], "id": 74, "envRot": 276}, {"pos": [6.664, 10.888, 6.126], "lookat": [-0.141, 12.427, -0.143], "viewMat": [[-0.6775480741927361, 0.12067692909985381, -0.7255106380617333, 6.664], [-0.0, 0.9864471216101106, 0.1640794815542994, 10.888], [0.7354784885757807, 0.11117173674165812, -0.6683653475398981, 6.126], [0.0, 0.0, 0.0, 1.0]], "id": 75, "envRot": 104}, {"pos": [-0.121, 24.863, 7.552], "lookat": [0.251, 12.468, -0.471], "viewMat": [[-0.9989267948919223, 0.038870109353407435, 0.025186763305462788, -0.121], [0.0, 0.5437916698895974, -0.8392202450839011, 24.863], [-0.04631693477499627, -0.838319589630075, -0.5432080698917418, 7.552], [0.0, 0.0, 0.0, 1.0]], "id": 76, "envRot": 308}, {"pos": [-5.014, 17.903, 7.73], "lookat": [0.257, 12.209, -0.243], "viewMat": [[-0.8341849111886581, 0.28225176877689084, 0.4737820943930734, -5.014], [0.0, 0.8591026551997717, -0.5118033097086244, 17.903], [-0.5514848447103244, -0.42693859845535015, -0.7166504721297619, 7.73], [0.0, 0.0, 0.0, 1.0]], "id": 77, "envRot": 280}, {"pos": [-10.94, 16.734, -5.681], "lookat": [-0.048, 12.492, -0.25], "viewMat": [[0.4462273675338779, 0.2945343196205524, 0.845062524923123, -10.94], [-0.0, 0.944288739071647, -0.3291181813003937, 16.734], [-0.8949196257004232, 0.14686153964921225, 0.421367478227826, -5.681], [0.0, 0.0, 0.0, 1.0]], "id": 78, "envRot": 300}, {"pos": [-2.395, 22.631, 8.635], "lookat": [-0.2, 12.529, -0.263], "viewMat": [[-0.9708951484980668, 0.177384368500747, 0.1609266803066172, -2.395], [0.0, 0.671913858010878, -0.7406293049920032, 22.631], [-0.23950492818085597, -0.7190733990522309, -0.6523579049513802, 8.635], [0.0, 0.0, 0.0, 1.0]], "id": 79, "envRot": 147}, {"pos": [-3.942, 22.045, -7.191], "lookat": [-0.045, 12.397, -0.075], "viewMat": [[0.8770888498077306, 0.36762286274905015, 0.30914168325728125, -3.942], [-0.0, 0.6436051505442046, -0.7653577008124839, 22.045], [-0.48032816859200766, 0.6712867054971107, 0.5644989012211478, -7.191], [0.0, 0.0, 0.0, 1.0]], "id": 80, "envRot": 227}, {"pos": [7.541, 24.538, 2.804], "lookat": [-0.263, 12.484, -0.477], "viewMat": [[-0.38756582581668914, -0.754382419008249, -0.5298111895291476, 7.541], [-0.0, 0.5747309967910946, -0.8183423985884605, 24.538], [0.9218420312933381, -0.3171615475097469, -0.2227460933937895, 2.804], [0.0, 0.0, 0.0, 1.0]], "id": 81, "envRot": 46}, {"pos": [8.154, 17.265, 0.326], "lookat": [0.226, 12.523, -0.047], "viewMat": [[-0.04699645005471994, -0.5123326216266236, -0.8575002148684542, 8.154], [-0.0, 0.8584487523310501, -0.5128993464816108, 17.265], [0.9988950563909375, -0.024104448520021523, -0.04034404391346284, 0.326], [0.0, 0.0, 0.0, 1.0]], "id": 82, "envRot": 305}, {"pos": [14.978, 18.094, 3.771], "lookat": [0.229, 12.531, -0.056], "viewMat": [[-0.25115802513087326, -0.33195440369637164, -0.9092446976908615, 14.978], [-0.0, 0.9393546816783502, -0.3429472000307996, 18.094], [0.9679460968526913, -0.08613394148389816, -0.23592646674777454, 3.771], [0.0, 0.0, 0.0, 1.0]], "id": 83, "envRot": 197}, {"pos": [-0.599, 24.601, 2.297], "lookat": [-0.096, 12.212, -0.239], "viewMat": [[-0.9808918364560328, 0.1904510260258985, 0.03974433116299303, -0.599], [0.0, 0.204284462812285, -0.9789115681477547, 24.601], [-0.1945538618838267, -0.9602063658085062, -0.2003809618873764, 2.297], [0.0, 0.0, 0.0, 1.0]], "id": 84, "envRot": 162}, {"pos": [-12.028, 14.713, 3.946], "lookat": [-0.217, 12.657, -0.225], "viewMat": [[-0.332991327383155, 0.1527292654650882, 0.9304786657189401, -12.028], [0.0, 0.9867951757678519, -0.16197308752164424, 14.713], [-0.9429298891686511, -0.05393563341418025, -0.3285942354342308, 3.946], [0.0, 0.0, 0.0, 1.0]], "id": 85, "envRot": 294}, {"pos": [2.584, 20.096, -7.102], "lookat": [-0.177, 12.675, -0.14], "viewMat": [[0.9295684368956627, -0.2594743809399958, -0.261869369654338, 2.584], [-0.0, 0.7103476468474806, -0.7038509931926266, 20.096], [0.3686495912480501, 0.6542776675495295, 0.6603167517325248, -7.102], [0.0, 0.0, 0.0, 1.0]], "id": 86, "envRot": 123}, {"pos": [0.178, 22.668, 1.52], "lookat": [-0.26, 12.494, -0.388], "viewMat": [[-0.9746488338176553, -0.2197098957979513, -0.04227543525899781, 0.178], [-0.0, 0.1889488182666478, -0.9819869368151684, 22.668], [0.2237401410965058, -0.9570924227910754, -0.1841587453748124, 1.52], [0.0, 0.0, 0.0, 1.0]], "id": 87, "envRot": 148}, {"pos": [-2.622, 18.374, -9.219], "lookat": [0.232, 12.323, -0.217], "viewMat": [[0.9532395665526407, 0.1630462798130236, 0.2544606834024993, -2.622], [-0.0, 0.8419836699207632, -0.5395030116568055, 18.374], [-0.3022156990603463, 0.5142756169855776, 0.8026121485596701, -9.219], [0.0, 0.0, 0.0, 1.0]], "id": 88, "envRot": 94}, {"pos": [14.681, 7.633, -4.309], "lookat": [0.266, 12.459, -0.198], "viewMat": [[0.27425410966207064, 0.2947113302400187, -0.9153851184947369, 14.681], [-0.0, 0.9518829189427396, 0.306461920350718, 7.633], [0.9616572587639866, -0.08404844111111459, 0.261057802437174, -4.309], [0.0, 0.0, 0.0, 1.0]], "id": 89, "envRot": 96}, {"pos": [-0.082, 22.595, 0.682], "lookat": [-0.292, 12.504, -0.408], "viewMat": [[-0.9819421344772694, -0.18804717615853703, -0.02068584242965322, -0.082], [-0.0, 0.10934388987006309, -0.9940039807506222, 22.595], [0.1891815121469968, -0.9760543905371686, -0.10736937261105721, 0.682], [0.0, 0.0, 0.0, 1.0]], "id": 90, "envRot": 95}, {"pos": [10.989, 23.738, -2.239], "lookat": [-0.022, 12.315, -0.43], "viewMat": [[0.1621169499923724, -0.7058738711782349, -0.6895362010170483, 10.989], [-0.0, 0.6987799760580772, -0.7153366655360768, 23.738], [0.9867715513355514, 0.11596819843442258, 0.11328407843427847, -2.239], [0.0, 0.0, 0.0, 1.0]], "id": 91, "envRot": 16}, {"pos": [-3.942, 19.567, 7.811], "lookat": [-0.277, 12.137, -0.271], "viewMat": [[-0.9107327373858369, 0.2651270588786298, 0.3166599496369372, -3.942], [0.0, 0.766738123064784, -0.6419600070402302, 19.567], [-0.4129962240186949, -0.5846539945039799, -0.6982935096768695, 7.811], [0.0, 0.0, 0.0, 1.0]], "id": 92, "envRot": 313}, {"pos": [2.069, 25.37, 4.816], "lookat": [0.147, 12.298, 0.024], "viewMat": [[-0.9281289912591149, -0.34623059162689335, -0.1367514278025255, 2.069], [-0.0, 0.3673558471819242, -0.9300804704654597, 25.37], [0.37225874816360993, -0.86323464884291, -0.34095361187809686, 4.816], [0.0, 0.0, 0.0, 1.0]], "id": 93, "envRot": 336}, {"pos": [-0.321, 28.356, -1.55], "lookat": [-0.251, 12.387, -0.057], "viewMat": [[0.9989026853574755, 0.046630215972003224, 0.004364417948425319, -0.321], [-0.0, 0.09318905767463803, -0.9956484316914846, 28.356], [-0.04683401739787226, 0.9945558920885831, 0.0930867999571286, -1.55], [0.0, 0.0, 0.0, 1.0]], "id": 94, "envRot": 133}, {"pos": [7.707, 18.523, -1.219], "lookat": [-0.246, 12.17, -0.033], "viewMat": [[0.14749509192989899, -0.6131575182693428, -0.7760689760880609, 7.707], [-0.0, 0.784650869288853, -0.619937910862247, 18.523], [0.9890627876209834, 0.09143779915345666, 0.11573215209863452, -1.219], [0.0, 0.0, 0.0, 1.0]], "id": 95, "envRot": 243}, {"pos": [-1.709, 24.473, 0.479], "lookat": [0.158, 12.608, -0.468], "viewMat": [[-0.45236512502203763, 0.8782671436384982, 0.1549600531390906, -1.709], [0.0, 0.1737545963984412, -0.984788982589882, 24.473], [-0.8918328283169421, -0.4454841912295972, -0.07860051972293455, 0.479], [0.0, 0.0, 0.0, 1.0]], "id": 96, "envRot": 35}, {"pos": [10.996, 10.183, 11.233], "lookat": [-0.103, 12.372, -0.158], "viewMat": [[-0.7162271706260803, 0.09515516284862979, -0.6913495028133096, 10.996], [-0.0, 0.9906605366304851, 0.13635138856278356, 10.183], [0.6978672080395809, 0.09765856924125975, -0.7095379932017668, 11.233], [0.0, 0.0, 0.0, 1.0]], "id": 97, "envRot": 45}, {"pos": [2.05, 22.694, 6.265], "lookat": [0.068, 12.433, -0.335], "viewMat": [[-0.9577463694493967, -0.23876557816145727, -0.16035239471777368, 2.05], [-0.0, 0.5575261229723887, -0.8301593956604822, 22.694], [0.2876141370073794, -0.7950821472581321, -0.5339686201500031, 6.265], [0.0, 0.0, 0.0, 1.0]], "id": 98, "envRot": 347}, {"pos": [0.59, 26.635, -2.928], "lookat": [-0.145, 12.282, -0.05], "viewMat": [[0.968902256509917, -0.2423092542249318, -0.05014621268798309, 0.59], [-0.0, 0.20265700566856615, -0.979249783279757, 26.635], [0.24744376599540965, 0.9487973247066036, 0.19635483008981677, -2.928], [0.0, 0.0, 0.0, 1.0]], "id": 99, "envRot": 66}, {"pos": [-9.796, 11.263, -1.136], "lookat": [0.093, 12.182, -0.049], "viewMat": [[0.10926201970786294, -0.09143282856655782, 0.989798893164504, -9.796], [-0.0, 0.995760528034782, 0.09198353552615833, 11.263], [-0.9940129833404384, -0.01005030687145802, 0.10879880643844836, -1.136], [0.0, 0.0, 0.0, 1.0]], "id": 100, "envRot": 76}, {"pos": [-2.952, 15.293, -10.021], "lookat": [0.205, 12.255, -0.181], "viewMat": [[0.9521935429564545, 0.0861634115097424, 0.293092687164039, -2.952], [-0.0, 0.9594012215910144, -0.2820448475148401, 15.293], [-0.3054954283651958, 0.26856128262776857, 0.9135356483034984, -10.021], [0.0, 0.0, 0.0, 1.0]], "id": 101, "envRot": 19}, {"pos": [-3.791, 21.108, -4.159], "lookat": [0.191, 12.443, -0.295], "viewMat": [[0.6963934881890105, 0.6043700142391895, 0.3870051621057069, -3.791], [-0.0, 0.5392596413166625, -0.8421395604334382, 21.108], [-0.7176601630353622, 0.586460506032202, 0.37553690265606515, -4.159], [0.0, 0.0, 0.0, 1.0]], "id": 102, "envRot": 41}, {"pos": [7.845, 24.049, 8.137], "lookat": [0.012, 12.157, -0.033], "viewMat": [[-0.721837389570022, -0.5013041012726405, -0.4771215579555871, 7.845], [-0.0, 0.6894195523270247, -0.7243622580375132, 24.049], [0.6920627016526294, -0.5228717614448453, -0.4976488099702727, 8.137], [0.0, 0.0, 0.0, 1.0]], "id": 103, "envRot": 358}, {"pos": [-9.4, 14.567, -4.582], "lookat": [0.145, 12.601, -0.036], "viewMat": [[0.42999232480372174, 0.16505925283971787, 0.8876159325191751, -9.4], [-0.0, 0.9831457001081476, -0.18282377405266606, 14.567], [-0.9028325429501812, 0.07861281963429623, 0.42274510521028497, -4.582], [0.0, 0.0, 0.0, 1.0]], "id": 104, "envRot": 276}, {"pos": [-6.623, 10.482, -7.162], "lookat": [0.206, 12.427, -0.277], "viewMat": [[0.709988274774674, -0.13848629971751555, 0.6904623048892913, -6.623], [-0.0, 0.9804729781580515, 0.19665385605647556, 10.482], [-0.7042134972311183, -0.13962193198932416, 0.6961243182256216, -7.162], [0.0, 0.0, 0.0, 1.0]], "id": 105, "envRot": 349}, {"pos": [2.506, 16.39, 12.95], "lookat": [0.002, 12.683, -0.203], "viewMat": [[-0.9823568657340435, -0.04990083197419819, -0.18023566604162863, 2.506], [-0.0, 0.9637445753586891, -0.2668265231694559, 16.39], [0.18701601093271839, -0.2621188669954588, -0.9467411004175484, 12.95], [0.0, 0.0, 0.0, 1.0]], "id": 106, "envRot": 200}, {"pos": [-0.756, 17.762, 13.021], "lookat": [0.198, 12.582, -0.261], "viewMat": [[-0.9974304128490863, 0.025972770348174315, 0.0667681565129832, -0.756], [0.0, 0.9319698877074463, -0.3625356925967012, 17.762], [-0.0716419676146686, -0.36160412553925714, -0.9295751098589549, 13.021], [0.0, 0.0, 0.0, 1.0]], "id": 107, "envRot": 268}, {"pos": [-1.615, 8.798, -11.067], "lookat": [-0.03, 12.546, -0.097], "viewMat": [[0.9897226824836972, -0.04580712373835522, 0.1354648264018882, -1.615], [-0.0, 0.9473062055419881, 0.3203294443875564, 8.798], [-0.1430000411792762, -0.31703731697776455, 0.9375704388824692, -11.067], [0.0, 0.0, 0.0, 1.0]], "id": 108, "envRot": 141}, {"pos": [-2.836, 22.392, 7.715], "lookat": [0.145, 12.202, -0.479], "viewMat": [[-0.9397431855664838, 0.25976291233529103, 0.22227454770271213, -2.836], [0.0, 0.6501514472173543, -0.7598046431031992, 22.392], [-0.3418811857668646, -0.7140212357180056, -0.6109753921086961, 7.715], [0.0, 0.0, 0.0, 1.0]], "id": 109, "envRot": 267}, {"pos": [5.733, 24.971, 1.471], "lookat": [-0.255, 12.148, 0.091], "viewMat": [[-0.22457425375185194, -0.8787647203163533, -0.421116338888816, 5.733], [-0.0, 0.43215487992222656, -0.9017994010640094, 24.971], [0.974456979323253, -0.20252092752781692, -0.0970508596637552, 1.471], [0.0, 0.0, 0.0, 1.0]], "id": 110, "envRot": 120}, {"pos": [1.846, 20.083, 8.428], "lookat": [-0.188, 12.308, 0.1], "viewMat": [[-0.9714456252700313, -0.15939273546667607, -0.17574798156499008, 1.846], [-0.0, 0.7407328701806403, -0.6717996837108149, 20.083], [0.2372622960854039, -0.6526168637986619, -0.7195817062306968, 8.428], [0.0, 0.0, 0.0, 1.0]], "id": 111, "envRot": 110}, {"pos": [-5.406, 23.693, 3.277], "lookat": [0.147, 12.523, -0.214], "viewMat": [[-0.5322308678253486, 0.7300383972500816, 0.42868898035103337, -5.406], [0.0, 0.5063658825512717, -0.8623187305098223, 23.693], [-0.8465992578155715, -0.4589526462812956, -0.26950355310741175, 3.277], [0.0, 0.0, 0.0, 1.0]], "id": 112, "envRot": 347}, {"pos": [-5.256, 18.912, 3.197], "lookat": [-0.212, 12.632, -0.184], "viewMat": [[-0.5567886360581217, 0.5971520493903423, 0.5774044030533978, -5.256], [0.0, 0.6951200594298481, -0.718893665974492, 18.912], [-0.8306542088959379, -0.4002718237487603, -0.38703494978658565, 3.197], [0.0, 0.0, 0.0, 1.0]], "id": 113, "envRot": 301}, {"pos": [-7.277, 11.218, 13.045], "lookat": [-0.146, 12.124, -0.008], "viewMat": [[-0.8775793484779683, -0.029149194495938203, 0.47854447189913574, -7.277], [0.0, 0.9981499986610649, 0.06079950799896469, 11.218], [-0.47943142066930144, 0.05335639261751245, -0.8759558255082622, 13.045], [0.0, 0.0, 0.0, 1.0]], "id": 114, "envRot": 214}, {"pos": [-1.254, 21.481, -3.037], "lookat": [0.262, 12.47, -0.12], "viewMat": [[0.8873213675913378, 0.4332218564995792, 0.15804940261480263, -1.254], [-0.0, 0.3427276527428177, -0.9394348067031575, 21.481], [-0.461151591795841, 0.8335805774467496, 0.3041095695431262, -3.037], [0.0, 0.0, 0.0, 1.0]], "id": 115, "envRot": 296}, {"pos": [-5.731, 25.644, -4.469], "lookat": [0.145, 12.127, 0.068], "viewMat": [[0.6111484267621838, 0.6937689969752198, 0.38102779334597753, -5.731], [-0.0, 0.48138987284151735, -0.8765065831616028, 25.644], [-0.7915160140301063, 0.5356756193459109, 0.2942006634463411, -4.469], [0.0, 0.0, 0.0, 1.0]], "id": 116, "envRot": 140}, {"pos": [-0.828, 22.713, 2.839], "lookat": [-0.081, 12.552, -0.249], "viewMat": [[-0.9719657355296778, 0.22440872438197473, 0.0701664690397581, -0.828], [0.0, 0.29842510612034207, -0.9544330547697217, 22.713], [-0.2351225402981442, -0.9276762260930896, -0.2900589777707805, 2.839], [0.0, 0.0, 0.0, 1.0]], "id": 117, "envRot": 230}, {"pos": [-7.043, 25.322, 5.448], "lookat": [0.036, 12.697, -0.028], "viewMat": [[-0.6118576417564874, 0.645278302374638, 0.4574342998821745, -7.043], [0.0, 0.5783222014182436, -0.8158084526080595, 25.322], [-0.7909679046738812, -0.4991586359377763, -0.3538508583351868, 5.448], [0.0, 0.0, 0.0, 1.0]], "id": 118, "envRot": 252}, {"pos": [-4.341, 21.423, -10.563], "lookat": [-0.052, 12.408, -0.479], "viewMat": [[0.9202224777170042, 0.24865828776294352, 0.30225758457180035, -4.341], [-0.0, 0.7722557682994814, -0.6353117567999019, 21.423], [-0.39139569683937236, 0.5846281589651485, 0.7106471165357974, -10.563], [0.0, 0.0, 0.0, 1.0]], "id": 119, "envRot": 338}, {"pos": [-5.679, 18.562, -12.417], "lookat": [-0.121, 12.523, -0.368], "viewMat": [[0.908047594114044, 0.17350882594135422, 0.3812404151505309, -5.679], [-0.0, 0.9101705594968953, -0.41423369325189935, 18.562], [-0.4188670037418754, 0.37614390855836216, 0.8264781867845892, -12.417], [0.0, 0.0, 0.0, 1.0]], "id": 120, "envRot": 328}, {"pos": [9.885, 8.912, -1.538], "lookat": [0.045, 12.309, 0.089], "viewMat"